node 0 1 2 3 4 5 6 7 8 9 10 11 12 13 14 15 16 17
1 1 0 0 0 0 0 0 0 0 0 0 0 0 0 0 0 0 0
3 0 0 0 0 0 0 0 1 0 0 0 0 0 0 0 0 0 0
2054 1 0 0 0 0 0 0 1 0 0 0 1 0 0 0 0 0 0
4105 0 0 0 0 0 0 0 0 0 0 0 0 0 1 0 0 0 0
11 0 0 0 0 0 0 0 0 0 0 0 1 1 0 0 0 0 0
2061 1 0 0 0 0 0 0 0 0 0 0 0 0 0 0 0 0 0
18 0 0 0 0 1 0 0 0 0 0 0 0 0 0 0 0 0 0
19 0 0 0 0 0 0 0 0 1 0 0 0 0 0 0 0 0 0
21 1 0 0 0 0 0 0 0 0 0 0 0 0 0 1 0 0 0
2071 0 1 0 0 0 0 0 0 0 0 0 0 0 0 0 0 0 0
25 0 1 0 0 0 1 0 0 1 0 0 0 0 0 0 0 0 0
26 1 0 0 0 0 0 0 0 0 0 0 1 0 0 0 0 0 0
30 1 0 0 0 1 0 0 0 1 0 0 0 0 0 0 0 0 0
31 1 0 1 0 1 0 0 0 0 0 0 0 0 0 1 1 0 0
4127 0 0 0 0 0 0 0 1 0 0 0 0 0 0 0 0 0 0
33 0 0 0 0 0 0 1 0 0 0 0 0 0 0 0 0 0 0
35 0 1 0 0 0 0 0 0 0 0 0 0 0 0 0 0 0 0
36 0 0 0 0 0 0 0 1 0 0 0 0 0 0 0 0 0 0
4131 1 0 0 0 0 0 0 0 0 0 0 1 1 0 0 0 0 0
4134 0 0 0 0 0 0 0 1 0 0 0 0 0 0 0 0 0 0
39 0 0 0 0 0 0 0 0 0 0 0 1 1 0 0 0 0 0
2088 0 0 0 0 0 1 0 0 0 0 0 0 0 0 0 0 0 0
2089 0 0 0 0 0 1 0 0 0 0 0 0 0 0 0 0 0 0
4136 1 0 0 0 0 0 0 0 1 0 0 0 0 0 0 0 0 0
45 1 0 0 0 0 0 0 0 0 0 0 0 0 0 0 0 0 0
4144 0 0 0 0 0 0 0 0 0 0 0 1 1 0 0 0 0 0
49 1 0 0 0 0 0 0 0 0 0 0 0 0 0 1 0 0 0
4145 0 0 0 0 0 0 0 1 0 0 0 0 0 0 0 0 0 0
54 0 0 0 0 0 0 0 1 0 0 0 0 0 0 0 0 0 0
58 1 0 0 0 0 0 0 0 0 0 0 0 0 0 0 0 0 0
60 0 0 0 0 1 0 0 0 0 0 0 0 0 0 0 0 0 0
62 0 1 0 0 0 0 0 0 0 0 0 0 0 0 0 0 0 0
4158 0 0 0 0 0 0 0 0 0 0 0 1 1 0 0 0 0 0
2112 0 0 0 0 0 0 0 1 0 0 0 0 0 0 0 0 0 0
4161 0 1 0 0 0 1 0 0 0 0 0 0 0 0 0 0 0 0
68 1 0 0 0 0 0 0 0 1 0 0 1 0 0 1 0 0 0
71 1 0 0 0 0 0 0 0 0 0 0 0 0 0 0 0 0 0
2120 0 0 0 0 0 0 0 1 0 0 0 0 0 0 0 0 0 0
2121 1 0 0 0 0 0 0 0 0 0 0 0 0 0 0 0 0 0
74 0 0 0 0 1 0 0 0 0 0 0 0 0 0 0 0 0 0
75 1 0 0 0 0 0 0 0 0 0 0 0 0 0 1 0 0 0
2124 0 0 0 0 0 0 1 0 0 0 0 0 0 0 0 0 0 0
4167 0 1 0 0 0 1 0 0 0 0 0 0 0 0 0 0 0 0
81 1 0 0 0 0 0 0 0 0 0 0 0 0 0 0 0 0 0
82 0 0 0 0 0 0 0 0 0 0 1 0 0 0 0 0 0 0
4178 0 0 0 0 0 0 0 0 0 0 0 1 0 0 0 0 0 0
4183 0 0 0 0 1 0 0 0 0 0 0 0 0 0 0 0 0 0
88 1 0 0 0 0 0 0 0 1 0 0 0 0 0 0 0 0 0
4184 0 1 0 0 0 1 0 0 0 0 0 0 0 0 0 0 0 0
90 1 1 0 0 1 1 0 0 1 0 0 0 0 0 0 0 0 0
4185 1 0 0 0 0 0 0 0 0 0 0 0 0 0 0 0 0 0
94 1 0 0 0 0 0 0 0 0 0 0 1 0 0 0 0 0 0
99 0 0 0 0 0 0 1 0 1 0 0 0 0 0 0 0 0 0
100 1 0 0 0 1 0 0 0 0 0 0 0 1 0 1 0 0 0
2152 0 0 0 0 0 0 0 1 0 0 0 0 0 0 0 0 0 0
2153 1 0 0 0 0 0 0 0 0 0 0 0 0 0 0 0 0 0
2154 0 0 0 0 1 0 0 0 0 0 0 0 0 0 0 0 0 0
4201 0 0 0 0 1 0 0 0 0 0 0 0 0 0 0 0 0 0
4207 0 0 0 0 0 0 0 0 0 0 0 1 1 0 0 0 0 0
2160 0 0 0 0 0 0 0 0 1 0 0 0 0 0 0 0 0 0
2161 1 0 0 0 0 0 0 0 0 0 0 1 1 0 0 0 0 0
114 0 0 0 0 0 0 0 1 0 0 1 0 0 0 0 0 0 0
2162 0 0 0 0 0 0 0 1 0 0 1 0 0 0 0 0 0 0
116 0 0 0 0 0 0 0 0 0 0 1 0 0 0 0 0 0 0
117 0 1 0 0 0 1 0 0 0 0 0 0 0 0 0 0 0 0
2165 0 0 1 0 0 0 0 0 0 0 0 1 0 0 0 0 0 0
120 1 0 0 0 0 0 0 0 0 0 0 1 1 0 0 0 0 0
124 1 1 0 0 0 0 0 0 1 0 0 1 1 0 1 0 0 0
4220 0 0 0 0 0 1 0 0 0 0 0 0 0 0 0 0 0 0
4224 0 0 0 0 1 0 0 0 0 0 0 0 0 0 0 0 0 0
131 0 0 0 0 0 0 0 1 0 0 0 0 0 0 0 0 0 0
2179 0 0 0 0 0 0 0 0 0 0 0 1 1 0 0 0 0 0
4228 0 0 0 0 0 0 0 0 0 0 0 1 1 0 0 0 0 0
4232 0 0 1 0 1 0 0 0 0 0 0 0 0 0 0 0 0 0
4233 1 0 0 0 0 0 0 0 0 0 0 0 0 0 0 0 0 0
4234 0 0 1 0 0 0 0 0 0 0 0 0 0 0 0 0 0 0
4236 0 0 1 0 0 0 0 0 0 0 0 0 0 0 0 0 0 0
2190 0 0 1 0 0 0 0 0 0 0 0 0 0 0 0 0 0 0
4238 1 0 0 0 0 0 0 0 0 0 0 0 0 0 0 0 0 0
144 0 0 0 0 0 0 0 0 0 0 0 1 1 0 0 0 0 0
145 0 0 0 0 0 1 0 0 0 0 0 0 0 0 0 0 0 0
2193 0 0 0 0 0 1 0 0 0 0 0 0 0 0 0 0 0 0
2194 0 0 0 0 0 0 0 1 0 0 0 0 0 0 0 0 0 0
4242 0 0 0 0 1 0 0 0 0 0 0 0 1 0 1 0 0 0
2198 1 0 0 0 0 0 0 0 0 0 0 0 0 0 0 0 0 0
4248 0 1 0 0 0 1 0 0 0 0 0 0 0 0 0 0 0 0
2202 0 1 0 0 0 1 0 0 0 0 0 0 0 0 0 0 0 0
4252 1 0 0 0 0 0 0 0 0 0 0 1 0 0 0 0 0 0
4256 0 0 0 0 0 0 1 0 0 0 0 0 0 0 0 0 0 0
161 0 0 0 0 0 1 0 0 1 0 0 0 0 0 0 0 0 0
163 0 0 0 0 0 0 0 0 1 0 0 0 0 0 0 0 0 0
4261 1 0 0 0 0 0 0 0 0 0 0 0 0 0 0 0 0 0
2216 0 0 0 0 0 0 1 0 0 0 0 0 0 0 0 0 0 0
4266 0 0 0 0 0 0 0 0 0 0 0 1 0 0 0 0 0 0
172 0 0 0 0 0 0 0 1 0 0 0 0 0 0 0 0 0 0
4268 0 1 0 0 0 0 0 0 0 0 0 1 0 0 0 0 0 0
2223 0 0 0 0 0 0 0 1 0 0 0 0 0 0 0 0 0 0
2224 0 1 0 0 0 1 0 0 0 0 0 0 0 0 0 0 0 0
4271 0 0 0 0 1 0 0 0 0 0 0 0 0 0 0 0 0 0
4275 0 0 0 0 1 0 0 0 0 0 0 0 0 0 0 0 0 0
2231 0 1 0 0 0 1 0 0 0 0 0 0 0 0 0 0 0 0
184 1 0 0 0 0 0 0 1 0 0 1 0 0 0 1 0 0 0
4286 0 0 0 0 0 0 0 0 0 0 0 1 1 0 0 0 0 0
191 0 0 1 0 1 0 0 0 0 0 0 0 0 0 0 0 0 0
192 0 0 0 1 0 0 0 0 0 0 0 0 0 0 0 0 0 0
193 1 0 0 0 0 0 0 0 0 0 0 0 0 0 0 0 0 0
194 0 0 0 0 0 0 0 0 1 0 0 0 0 0 0 0 0 0
2239 0 0 0 0 0 0 0 1 0 0 0 0 0 0 0 0 0 0
2240 1 0 0 0 0 0 0 0 0 0 0 0 0 0 0 0 0 0
2243 0 0 0 0 0 0 0 0 0 0 0 1 1 0 0 0 0 0
2246 0 0 0 0 1 0 0 0 0 0 0 0 0 0 0 0 0 0
199 1 0 0 0 0 0 0 0 0 0 0 0 0 0 0 0 0 0
2248 1 0 0 0 0 0 0 0 0 0 0 0 0 0 0 0 0 0
4288 0 1 0 0 0 1 0 0 0 0 0 0 0 0 0 0 0 0
202 1 0 0 0 0 0 0 0 0 0 0 0 0 0 0 0 0 0
4292 0 0 0 0 0 1 0 0 1 0 0 0 0 0 0 0 0 0
4294 0 0 0 0 1 0 0 0 0 0 0 0 0 0 0 0 0 0
205 1 0 0 0 0 0 0 0 0 0 0 0 0 0 0 0 0 0
206 0 0 0 0 0 0 0 1 0 0 0 0 0 0 0 0 0 0
4298 0 1 0 0 0 1 0 0 0 0 0 0 0 0 0 0 0 0
4300 0 0 0 0 0 0 0 1 0 0 0 0 0 0 0 0 0 0
210 1 0 0 0 0 0 0 0 0 0 0 0 0 0 0 0 0 0
2258 0 0 0 0 1 0 0 0 1 0 0 0 0 0 0 0 0 0
2259 0 1 0 0 0 1 0 0 0 0 0 0 0 0 0 0 0 0
2261 0 0 0 0 0 0 0 0 0 0 0 1 1 0 0 0 0 0
2262 1 0 0 0 0 0 0 0 0 0 0 0 0 0 0 0 0 0
215 1 0 0 0 0 0 0 0 0 0 0 0 0 0 0 0 0 0
2264 0 0 0 0 0 0 0 1 0 0 0 0 0 0 0 0 0 0
217 0 0 0 0 0 0 0 0 0 0 1 0 0 0 0 0 0 0
218 0 0 0 0 1 0 0 0 0 0 0 0 0 0 0 0 0 1
4311 0 0 0 0 1 0 0 0 0 0 0 0 0 0 0 0 0 0
2268 0 0 0 0 0 0 0 0 0 0 0 1 1 0 0 0 0 0
221 0 0 0 0 0 0 0 1 0 0 1 0 0 0 0 0 0 0
2269 1 0 0 0 0 0 0 0 0 0 0 0 0 0 0 0 0 0
4312 1 0 0 0 0 0 1 0 0 0 0 0 0 0 0 0 0 0
4313 0 1 0 0 0 0 0 0 0 0 0 0 0 0 0 0 0 0
225 1 0 0 0 0 0 1 0 0 0 0 0 0 0 0 0 0 0
226 0 0 0 0 0 0 0 0 0 0 0 1 0 0 0 0 0 0
4316 0 0 0 0 0 0 0 0 1 0 0 0 0 0 0 0 0 0
228 1 0 0 0 0 0 0 0 0 0 0 0 0 0 0 0 0 0
4318 1 0 0 0 0 0 0 0 0 0 0 0 0 0 0 0 0 0
230 0 1 0 0 0 0 0 0 0 0 0 0 0 0 0 0 0 0
2279 0 0 0 0 0 0 0 1 0 0 0 0 0 0 0 0 0 0
2280 1 0 0 0 0 0 0 0 0 0 0 0 1 0 0 0 0 0
4320 0 0 0 0 0 0 0 0 1 0 0 0 0 0 0 0 0 0
2282 0 0 0 0 0 0 0 0 0 0 0 1 0 0 0 0 0 0
236 0 0 0 0 0 0 0 0 0 0 0 1 1 0 0 0 0 0
237 1 0 0 0 0 0 0 0 0 0 0 1 1 0 0 0 0 0
240 0 0 0 0 0 0 0 0 0 0 1 0 0 0 0 0 0 0
2289 0 0 0 0 1 0 0 0 0 0 0 0 0 0 0 0 0 0
4337 0 0 0 0 0 0 0 0 1 0 0 0 0 0 0 0 0 0
2292 1 0 0 0 0 0 0 1 1 0 0 0 0 0 0 0 0 0
2294 0 1 0 0 0 1 0 0 1 0 0 0 0 0 0 0 0 0
4353 1 0 0 0 0 0 0 0 0 0 0 1 0 0 0 0 0 0
4355 0 0 0 0 0 0 1 0 0 0 0 0 0 0 0 0 0 0
2308 0 0 0 0 0 0 0 0 0 0 0 1 1 0 0 0 0 0
2309 0 0 0 0 0 0 0 1 0 0 1 0 0 0 0 0 0 0
2310 0 1 0 0 0 1 0 0 0 0 0 0 0 0 0 0 0 0
2311 1 0 0 0 0 0 0 0 0 0 0 1 0 0 0 0 0 0
4356 1 0 0 0 0 0 0 0 0 0 0 0 0 0 0 0 0 0
266 0 0 0 0 0 0 0 0 1 0 0 0 0 0 0 0 0 0
267 0 0 0 0 0 1 0 0 0 0 0 0 0 0 0 0 0 0
2315 0 1 0 0 0 0 0 0 0 0 0 0 0 0 0 0 0 0
2317 0 1 0 0 0 1 0 0 0 0 0 0 0 0 0 0 0 0
4369 0 0 0 0 0 0 0 0 1 0 0 0 0 0 0 0 0 0
4375 1 0 0 0 0 0 0 0 0 0 0 0 0 0 0 0 0 0
282 0 0 0 0 0 0 0 0 0 0 0 1 1 0 0 0 0 0
4381 0 0 0 0 0 0 0 0 1 0 0 0 0 0 0 0 0 0
2336 0 0 0 0 1 0 0 0 1 0 0 0 0 0 0 0 0 0
2338 0 0 0 0 0 0 0 0 1 0 0 0 0 0 0 0 0 0
4386 1 0 0 0 0 0 0 0 0 0 0 0 0 0 0 0 0 0
2340 0 1 0 0 0 1 0 0 0 0 0 0 0 0 0 0 0 0
2341 0 1 0 0 0 1 0 0 1 0 0 0 0 0 0 0 0 0
4390 0 0 0 0 0 0 0 1 0 0 0 0 0 0 0 0 0 0
4393 1 0 0 0 0 0 0 0 0 0 0 0 0 0 0 0 0 0
299 0 0 0 0 0 0 0 0 0 0 0 1 1 0 0 0 0 0
301 0 0 0 0 1 0 0 0 0 0 0 0 0 0 0 0 0 0
4398 0 1 0 0 0 1 0 0 0 0 0 0 0 0 0 0 0 0
303 0 0 0 0 0 0 0 1 0 0 0 0 0 0 0 0 0 0
2352 0 1 0 0 0 0 0 0 0 0 0 0 0 0 0 0 0 0
305 0 0 0 0 1 0 0 0 0 0 0 0 0 0 0 0 0 0
2353 0 1 0 0 0 1 0 0 0 0 0 0 0 0 0 0 0 0
307 1 0 0 0 0 0 0 0 0 0 0 0 0 0 1 0 0 0
2356 0 0 0 0 0 0 0 0 0 0 0 1 1 0 0 0 0 0
4399 1 0 0 0 0 0 0 0 0 0 0 0 0 0 0 0 0 0
4405 0 0 0 0 0 0 0 0 0 0 0 1 1 0 0 0 0 0
4409 1 0 0 0 0 0 0 0 0 0 0 1 1 0 0 0 0 0
4410 0 0 0 0 0 1 0 0 0 0 0 0 0 0 0 0 0 0
4412 0 0 0 0 0 0 0 1 0 0 0 0 0 0 0 0 0 0
318 1 0 0 0 0 0 0 0 0 0 0 0 0 0 0 0 0 0
319 0 0 0 0 0 0 0 0 1 0 0 0 0 0 1 0 0 0
2368 0 0 0 0 0 0 0 0 0 0 0 1 1 0 0 0 0 0
2369 0 0 0 0 0 0 0 0 0 0 0 1 0 0 0 0 0 0
4421 0 0 0 0 0 0 0 0 0 0 0 1 1 0 0 0 0 0
4424 1 0 0 0 0 0 0 0 0 0 0 0 0 0 0 0 0 0
2380 0 0 0 0 0 0 0 0 0 0 0 1 1 0 0 0 0 0
333 1 0 0 0 0 0 0 0 0 0 0 1 1 0 0 0 0 0
336 1 0 0 0 0 0 0 0 0 0 0 0 0 0 0 0 0 0
4429 1 0 0 0 0 0 0 0 0 0 0 0 0 0 0 0 0 0
4432 0 0 0 0 0 0 0 0 1 0 0 0 0 0 0 0 0 0
341 1 0 0 0 1 0 0 0 1 0 0 1 1 0 1 0 0 0
2389 0 0 0 0 0 1 0 0 0 0 0 0 0 0 0 0 0 0
4439 1 0 0 0 1 0 0 0 1 0 0 0 0 0 0 0 0 0
2393 0 0 0 0 0 0 0 1 0 0 0 0 0 0 0 0 0 0
2394 0 0 0 0 0 0 0 0 0 0 1 0 0 0 0 0 0 0
4441 1 0 0 0 0 0 0 0 0 0 0 0 1 0 0 0 0 0
4442 1 0 0 0 0 0 0 0 1 0 0 0 0 0 0 0 0 0
2397 1 0 1 0 1 0 0 0 0 0 0 0 0 0 1 0 0 0
4443 0 0 0 0 1 0 0 0 0 0 0 0 0 0 0 0 0 0
2399 0 0 0 0 1 0 0 0 0 0 0 0 0 0 0 0 0 0
4446 0 0 0 0 0 0 0 1 0 0 0 0 0 0 0 0 0 0
2401 1 0 0 0 0 0 0 0 0 0 0 0 0 0 0 0 0 0
2404 0 0 1 0 0 0 0 0 0 0 0 0 0 0 0 0 0 0
357 0 0 0 0 0 0 0 1 0 0 0 0 0 0 0 0 0 0
2405 0 0 0 0 0 0 0 0 1 0 0 0 0 0 0 0 0 0
2407 0 0 1 0 1 0 0 0 0 0 0 0 0 0 0 0 0 0
2408 1 0 0 0 0 0 0 0 0 0 0 0 0 0 0 0 0 0
4456 0 0 0 0 1 0 0 0 0 0 0 0 0 0 0 0 0 0
2410 0 0 0 1 0 0 0 0 0 0 0 0 0 0 0 0 0 0
4457 0 0 0 0 0 0 0 0 1 0 0 0 0 0 0 0 0 0
365 0 0 0 0 0 0 0 0 1 0 0 0 0 0 0 0 0 0
4458 0 0 0 0 0 0 1 0 0 0 0 0 0 0 0 0 0 0
4459 1 0 0 0 0 0 0 0 0 0 0 0 0 0 0 0 0 0
368 0 1 0 0 0 0 0 0 0 0 0 0 0 0 0 0 0 0
2418 0 0 0 0 0 0 0 1 0 0 0 0 0 0 0 0 0 0
4469 1 0 0 0 0 0 0 0 0 0 0 0 0 0 0 0 0 0
374 0 0 0 0 0 0 0 0 1 0 0 0 0 0 0 0 0 0
376 1 0 0 0 0 0 0 0 0 0 0 1 1 0 0 0 0 0
2425 0 0 0 0 0 0 0 0 0 0 0 1 1 0 0 0 0 0
383 0 0 0 0 1 0 0 0 1 0 0 1 0 0 0 0 0 0
4480 1 0 0 0 0 0 0 0 0 0 0 1 1 0 0 0 0 0
2433 0 0 0 0 0 0 0 1 0 0 0 0 0 0 0 0 0 0
4482 1 0 0 0 0 0 0 0 0 0 0 0 0 0 0 0 0 0
388 1 0 0 0 0 0 0 0 0 0 0 0 0 0 0 0 0 0
4484 0 0 0 0 1 0 0 0 0 0 0 0 0 0 0 0 0 0
4485 0 0 0 0 0 0 0 0 0 0 0 0 0 0 0 0 1 0
392 0 1 0 0 0 1 0 0 0 0 0 0 0 0 0 0 0 0
2441 1 0 0 0 0 0 0 0 0 0 0 0 0 0 0 0 0 0
395 1 0 0 0 1 0 0 0 1 0 0 0 0 0 0 0 0 0
396 0 1 0 0 0 0 0 0 0 0 0 0 0 0 0 0 0 0
2444 0 1 0 0 0 1 0 0 0 0 0 0 0 0 0 0 0 0
4491 0 0 0 0 0 0 1 0 0 0 0 0 0 0 0 0 0 0
399 0 0 0 0 0 0 0 1 0 0 0 0 0 0 0 0 0 0
2448 0 0 0 0 0 0 0 0 1 0 0 1 1 0 0 0 0 0
4498 0 0 0 0 0 0 1 0 0 0 0 0 0 0 0 0 0 0
4500 0 0 0 0 0 0 0 0 1 0 0 0 0 0 0 0 0 0
4501 1 0 0 0 0 0 0 0 0 0 0 0 0 0 0 0 0 0
2456 1 0 0 0 0 0 0 0 0 0 0 0 0 0 0 0 0 0
409 0 1 0 0 0 1 0 0 0 0 0 0 0 0 0 0 0 0
410 0 0 0 0 0 0 0 1 0 0 1 0 0 0 0 0 0 0
2458 0 1 0 0 0 1 0 0 0 0 0 0 0 0 0 0 0 0
2459 0 0 0 0 0 0 0 0 0 0 0 1 1 0 0 0 0 0
2461 1 0 0 0 0 0 0 0 0 0 0 1 0 0 1 0 0 0
414 0 0 0 0 0 0 0 0 1 0 0 0 0 0 0 0 0 0
4504 1 0 0 0 0 0 0 0 0 0 0 0 0 0 0 0 0 0
4505 0 1 0 0 0 1 0 0 0 0 0 0 0 0 0 0 0 0
417 1 0 0 0 0 0 0 0 0 0 0 0 0 0 0 0 0 0
2465 0 1 0 0 0 1 0 0 0 0 0 0 0 0 0 0 0 0
2470 1 0 0 0 0 0 0 0 1 0 0 0 0 0 0 0 0 0
423 1 0 0 0 0 0 0 0 0 0 0 0 0 0 0 0 0 0
424 0 0 0 0 0 0 0 1 0 0 0 0 0 0 0 0 0 0
425 0 1 0 0 0 1 0 0 0 0 0 0 0 0 0 0 0 0
2472 1 0 0 0 0 0 0 0 0 0 0 0 0 0 0 0 0 0
428 1 0 0 0 0 0 0 0 0 0 0 0 0 0 0 0 0 0
429 0 0 0 0 0 0 0 0 1 0 0 0 0 0 0 0 0 0
430 0 0 1 0 1 0 0 0 0 0 0 0 0 0 0 0 0 0
2476 0 1 0 0 0 1 0 0 0 0 0 0 0 0 0 0 0 0
4528 0 1 0 0 0 1 0 0 0 0 0 0 0 0 0 0 0 0
433 0 0 0 0 1 0 0 0 1 0 0 0 0 0 0 0 0 0
434 0 0 0 0 0 0 0 0 0 0 0 1 1 0 0 0 0 0
2483 0 0 0 0 1 0 0 0 0 0 0 0 0 0 0 0 0 0
2484 0 0 0 0 0 0 0 0 0 0 1 0 0 0 0 0 0 0
439 0 1 0 0 0 1 0 0 0 0 0 0 0 0 0 0 0 0
4536 1 0 0 0 0 0 0 0 0 0 0 1 0 0 0 0 0 0
2490 1 0 0 0 0 0 0 0 1 0 0 0 0 0 0 0 0 0
4540 0 0 0 0 1 0 0 0 0 0 0 0 0 0 0 0 0 0
447 0 0 0 0 1 0 0 0 0 0 0 0 0 0 0 0 0 0
448 0 0 0 0 0 0 0 0 0 0 1 0 0 0 0 0 0 0
4544 0 1 0 0 0 1 0 0 0 0 0 1 0 0 0 0 0 0
4546 1 0 0 0 0 0 0 0 0 0 0 1 1 0 0 0 0 0
4548 1 0 0 0 0 0 0 0 0 0 0 1 0 0 0 0 0 0
4552 0 0 1 0 1 0 0 0 0 0 0 0 0 0 0 0 0 0
457 0 0 0 0 0 0 0 0 0 0 0 1 1 0 0 0 0 0
4555 1 0 0 0 0 1 0 0 0 0 0 0 1 0 1 0 0 0
4556 0 0 1 0 1 0 0 0 0 0 0 0 0 0 0 0 0 0
2509 0 0 0 0 0 0 0 1 0 0 0 0 0 0 0 0 0 0
4559 1 0 0 0 0 0 1 0 0 0 0 0 0 0 0 0 0 0
4560 0 0 0 0 0 0 0 0 0 0 0 1 1 0 0 0 0 0
465 1 0 0 0 0 0 0 0 0 0 0 0 0 0 0 0 0 0
467 0 0 0 0 1 0 0 0 0 0 0 0 0 0 0 0 0 0
470 1 0 0 0 0 0 0 0 0 0 0 0 0 0 1 0 0 0
471 0 1 0 0 0 1 0 0 0 0 0 0 0 0 0 0 0 0
2519 1 0 0 0 0 0 0 0 0 0 0 0 0 0 0 0 0 0
475 1 0 0 0 0 0 0 0 0 0 0 1 0 0 0 0 0 0
476 0 0 0 0 1 0 0 0 1 0 0 0 0 0 0 0 0 0
478 1 0 0 0 1 0 0 0 0 0 0 0 0 0 1 0 0 0
479 0 0 0 0 0 0 0 0 0 0 1 0 0 0 0 0 0 0
480 0 0 0 0 0 0 0 0 0 0 0 0 0 0 0 1 0 0
481 1 0 0 0 0 0 0 0 0 0 0 0 0 0 0 0 0 0
482 0 0 0 0 0 0 1 0 0 0 0 0 0 0 0 0 0 0
2527 0 0 0 0 0 0 0 0 0 0 0 1 1 0 0 0 0 0
2528 0 1 0 0 0 1 0 0 0 0 0 0 0 0 0 0 0 0
2533 0 0 0 0 0 0 0 0 0 0 0 1 1 0 0 0 0 0
4575 1 0 0 0 0 0 0 0 0 0 0 0 0 0 0 0 0 0
4586 0 0 0 0 0 0 0 1 0 0 0 0 0 0 0 0 0 0
4588 0 1 0 0 0 1 0 0 0 0 0 0 0 0 0 0 0 0
493 0 0 0 0 0 0 0 0 0 0 0 0 0 0 0 0 1 0
2541 0 0 0 0 0 0 0 0 1 0 0 0 0 0 0 0 0 0
495 0 1 0 0 0 1 0 0 0 0 0 0 0 0 0 0 0 0
4591 1 0 0 0 0 0 0 0 0 0 0 0 0 0 0 0 0 0
2545 0 1 0 0 0 0 0 0 0 0 0 0 0 0 0 0 0 0
498 0 0 1 0 0 0 0 0 0 0 0 0 0 0 0 0 0 0
4593 0 0 0 0 0 0 0 0 0 0 0 1 1 0 0 0 0 0
2548 0 0 0 0 1 0 0 0 1 0 0 0 0 0 0 0 0 0
2551 0 1 0 0 0 1 0 0 0 0 0 0 0 0 0 0 0 0
2552 1 0 0 0 0 0 0 0 0 0 0 0 0 0 0 0 0 0
505 0 0 0 0 0 1 0 0 0 0 0 0 0 0 0 0 0 0
507 0 1 0 0 0 1 0 0 0 0 0 0 0 0 0 0 0 0
2557 0 0 0 0 1 0 0 0 0 0 0 0 0 0 0 0 0 0
510 1 0 0 0 0 0 0 0 0 0 0 0 0 0 0 0 0 0
2558 0 0 0 0 0 0 0 0 1 0 0 0 0 0 0 0 0 0
4611 0 1 0 0 0 1 0 0 0 0 0 0 0 0 0 0 0 0
4612 0 0 0 0 0 0 0 0 0 0 0 1 1 0 0 0 0 0
519 0 0 0 0 0 0 0 0 0 0 0 1 0 0 0 0 0 0
2571 0 0 0 0 0 0 0 1 0 0 0 0 0 0 0 0 0 0
2572 0 0 0 0 0 0 0 0 1 0 0 0 0 0 0 0 0 0
4619 1 0 0 0 0 0 0 0 0 0 0 0 0 0 0 0 0 0
526 0 0 0 0 0 0 0 0 1 0 0 0 0 0 0 0 0 0
527 0 1 0 0 0 1 0 0 0 0 0 0 0 0 0 0 0 0
528 0 0 0 0 0 0 0 0 0 0 1 0 0 0 0 0 0 0
4627 1 0 0 0 0 0 0 1 0 0 1 0 0 0 0 0 0 0
4628 0 0 0 0 1 0 0 0 0 0 0 0 0 0 0 0 0 0
2582 1 0 0 0 0 0 0 0 1 0 0 1 0 0 0 0 0 0
2585 0 0 0 0 0 0 0 0 0 0 0 1 1 0 0 0 0 0
4635 0 1 0 0 0 1 0 0 0 0 0 0 0 0 0 0 0 0
542 1 0 0 0 0 0 0 0 0 0 0 0 0 0 0 0 0 0
2592 0 0 0 0 0 0 0 0 0 0 0 1 1 0 0 0 0 0
2593 0 0 0 0 0 0 0 1 0 0 1 0 0 0 0 0 0 0
2595 1 0 0 0 0 0 0 0 0 0 0 0 0 0 0 0 0 0
2596 1 1 0 0 0 1 0 0 0 0 0 0 0 0 0 0 0 0
2597 1 0 0 0 0 0 0 0 0 0 0 0 0 0 0 0 0 0
4644 0 1 0 0 0 0 0 0 0 0 0 0 0 0 0 0 0 0
551 1 0 0 0 0 0 0 0 0 0 0 1 0 0 0 0 0 0
2600 1 0 0 0 0 0 0 0 0 0 0 0 0 0 0 0 0 0
4647 0 0 0 0 0 0 0 0 0 0 0 1 1 0 0 0 0 0
4652 1 0 0 0 0 0 0 0 1 0 0 0 0 0 0 0 0 0
559 0 0 0 0 0 0 0 1 0 0 0 0 0 0 0 0 0 0
2610 0 0 0 0 0 1 0 0 1 0 0 0 0 0 0 0 0 0
4658 1 0 0 0 0 0 0 0 0 0 0 0 0 0 0 0 0 0
2613 1 0 0 0 0 0 0 0 0 0 0 0 0 0 0 0 0 0
4667 1 0 0 0 0 0 0 0 0 0 0 0 0 0 0 0 0 0
2622 1 0 0 0 0 0 0 0 0 0 0 1 1 0 0 0 0 0
4670 1 0 0 0 0 0 0 1 0 0 0 0 0 0 0 0 0 0
4672 1 0 0 0 0 0 0 0 0 0 0 0 0 0 0 0 0 0
578 0 0 0 0 0 0 0 0 0 0 0 1 0 0 0 0 0 0
4676 0 1 0 0 0 1 0 0 0 0 0 0 0 0 0 0 0 0
2629 0 0 0 0 0 0 0 1 0 0 0 0 0 0 0 0 0 0
2631 0 0 0 0 0 0 0 1 0 0 0 0 0 0 0 0 0 0
4681 0 1 0 0 0 1 0 0 0 0 0 0 0 0 0 0 0 0
4687 0 0 0 0 1 0 0 0 0 0 0 0 0 0 0 0 0 0
2640 1 0 0 0 0 0 0 0 0 0 0 0 0 0 0 0 0 0
4688 0 0 0 0 0 0 0 0 0 0 0 1 1 0 0 0 0 0
594 1 0 0 0 0 0 0 0 0 0 0 0 0 0 0 0 0 0
2643 1 0 0 0 0 0 0 0 0 0 0 1 1 0 0 0 0 0
4692 0 0 0 0 0 0 0 0 0 0 0 1 0 0 0 0 0 0
597 0 0 1 0 0 0 0 0 0 0 0 0 0 0 0 0 0 0
2645 0 0 0 0 1 0 0 0 1 0 0 0 0 0 0 0 0 0
2647 1 0 0 0 1 0 0 0 0 0 0 1 0 0 0 0 0 0
600 0 0 0 0 1 0 0 0 0 0 0 0 0 0 0 0 0 0
601 0 0 0 0 0 0 1 0 0 0 0 0 0 0 0 0 0 0
2650 1 0 0 0 0 0 0 0 0 0 0 0 0 0 0 0 0 0
4693 0 0 0 0 0 0 0 1 0 0 0 0 0 0 0 0 0 0
604 1 0 0 0 0 0 0 1 0 0 1 1 0 0 1 0 0 0
2652 1 0 0 0 0 0 0 0 1 0 0 0 0 0 0 0 0 0
606 0 1 0 0 0 1 0 0 0 0 0 0 0 0 0 0 0 0
607 1 0 0 0 0 0 0 0 1 0 0 0 0 0 0 0 0 0
4698 0 0 0 0 0 0 0 0 0 0 0 1 1 0 0 0 0 0
609 0 0 0 0 0 0 0 1 0 0 0 0 0 0 0 0 0 0
4700 0 0 0 0 0 0 0 0 1 0 0 0 0 0 0 0 0 0
4704 0 0 0 0 0 0 0 0 0 0 1 0 0 0 0 0 0 0
4705 0 0 0 0 0 0 0 0 0 0 1 0 0 0 0 0 0 0
2661 1 1 0 0 0 0 0 0 1 0 0 0 0 0 0 0 0 0
4709 0 0 0 0 0 0 1 0 0 0 0 0 0 0 0 0 0 0
615 0 0 0 0 0 0 0 0 0 0 0 0 0 1 0 0 0 0
4710 1 0 0 0 0 0 0 0 0 0 0 1 0 0 0 0 0 0
4712 1 0 0 0 0 0 0 0 0 0 0 0 0 0 0 0 0 0
4713 0 0 0 0 0 0 0 0 0 0 1 0 0 0 0 0 0 0
2667 0 0 0 0 0 0 0 0 0 0 0 1 0 0 0 0 0 0
2668 0 0 0 0 1 0 0 0 0 0 0 0 0 0 0 0 0 0
2669 0 0 0 1 0 0 0 0 0 0 0 0 0 0 0 0 0 0
624 1 0 0 0 0 0 0 0 0 0 0 0 0 0 0 0 0 0
4723 0 0 0 1 1 0 0 0 0 0 0 0 0 0 0 0 0 0
630 1 0 0 0 0 0 0 0 0 0 0 1 1 0 0 0 0 0
4726 0 1 0 0 0 1 0 0 0 0 0 0 0 0 0 0 0 0
632 0 0 0 0 0 0 0 1 0 0 0 0 0 0 0 0 0 0
2681 1 0 0 0 0 0 0 0 0 0 0 0 0 0 0 0 0 0
637 1 0 0 0 0 0 0 0 0 0 0 0 0 0 0 0 0 0
4738 1 0 0 0 0 0 0 0 0 0 0 1 0 0 0 0 0 0
2691 0 1 0 0 0 1 0 0 0 0 0 0 0 0 0 0 0 0
646 0 0 0 0 0 0 0 1 0 0 0 0 0 0 0 0 0 0
647 0 1 0 0 0 1 0 0 0 0 0 0 0 0 0 0 0 0
4747 0 0 0 0 0 0 0 0 0 0 0 1 1 0 0 0 0 0
2700 1 0 0 0 0 0 0 0 0 0 0 0 0 0 0 0 0 0
654 1 0 0 0 0 0 0 0 0 0 0 1 0 0 0 0 0 0
4752 1 0 0 0 0 0 0 0 0 0 0 1 0 0 0 0 0 0
661 1 0 0 0 0 0 0 0 0 0 0 0 0 0 0 0 0 0
663 0 0 0 0 0 0 0 0 1 0 0 0 0 0 0 0 0 0
666 0 0 0 0 0 0 0 1 0 0 0 0 0 0 0 0 0 0
4763 0 0 0 0 0 0 0 0 0 0 1 0 0 0 0 0 0 0
4764 1 0 0 0 0 0 0 0 0 0 0 0 0 0 0 0 0 0
2720 0 0 0 0 0 0 0 1 0 0 1 0 0 0 0 0 0 0
4773 1 0 0 0 0 0 0 0 0 0 0 0 0 0 0 0 0 0
2727 0 0 0 0 0 0 0 1 0 0 0 0 0 0 0 0 0 0
4775 1 0 0 0 0 0 0 0 0 0 0 1 1 0 0 0 0 0
4776 0 0 0 0 0 0 0 1 0 0 0 0 0 0 0 0 0 0
685 0 0 0 0 0 0 0 0 0 0 1 0 0 0 0 0 0 0
2734 0 0 0 0 0 1 0 0 0 0 0 0 0 0 0 0 0 0
689 0 0 0 0 1 0 0 0 0 0 0 0 0 0 0 0 0 0
691 0 0 0 0 0 0 0 1 0 0 0 0 0 0 0 0 0 0
2740 0 0 0 0 0 0 0 1 0 0 0 0 0 0 0 0 0 0
693 1 0 0 0 0 0 0 0 0 0 0 0 0 0 0 0 0 0
695 1 0 0 0 0 0 0 0 0 0 0 0 0 0 0 0 0 0
696 0 0 0 0 0 0 0 0 0 0 1 0 0 0 0 0 0 0
2743 1 0 0 0 0 0 1 0 0 0 0 0 0 0 0 0 0 0
699 0 1 0 0 0 1 0 0 0 0 0 0 0 0 0 0 0 0
702 0 1 0 0 0 1 0 0 0 0 0 0 0 0 0 0 0 0
705 1 0 0 0 0 0 0 0 0 0 0 0 0 0 0 0 0 0
2756 0 0 0 0 0 0 0 0 0 0 0 1 1 0 0 0 0 0
709 0 0 0 0 0 0 0 1 0 0 0 0 0 0 0 0 0 0
710 1 0 0 0 0 0 0 0 0 0 0 1 1 0 0 0 0 0
2757 1 0 0 0 0 0 1 0 0 0 0 0 0 0 0 0 0 0
2761 1 0 0 0 0 0 0 0 0 0 0 0 1 0 0 0 0 0
2762 0 1 0 0 0 1 0 0 0 0 0 0 0 0 0 0 0 0
2763 0 0 0 0 0 0 0 0 0 0 0 1 0 0 0 0 0 0
2765 0 1 0 0 0 0 0 0 0 0 0 0 0 0 0 0 0 0
718 0 0 0 0 0 0 0 0 0 0 1 0 0 0 0 0 0 0
2767 0 1 0 0 0 0 0 0 0 0 0 0 0 0 0 0 0 0
720 0 0 0 0 0 0 0 1 0 0 0 0 0 0 0 0 0 0
2772 0 1 0 0 0 1 0 0 0 0 0 0 0 0 0 0 0 0
726 0 0 0 0 0 0 0 0 0 0 0 1 0 0 0 0 0 0
731 0 0 0 0 0 0 0 0 0 0 0 1 1 0 0 0 0 0
733 0 0 0 0 0 0 0 0 0 0 0 1 0 0 0 0 0 0
2785 0 1 0 0 0 1 0 0 0 0 0 0 0 0 0 0 0 0
2786 0 0 0 0 1 0 0 0 0 0 0 0 0 0 0 0 0 0
743 0 0 0 0 0 0 0 1 0 0 0 0 0 0 0 0 0 0
745 0 0 0 1 0 0 0 0 0 0 0 0 0 0 0 0 0 0
752 1 0 0 0 0 0 0 0 0 0 0 0 0 0 0 0 0 0
2800 0 0 0 0 0 0 0 0 1 0 0 0 0 0 0 0 0 0
2805 0 1 0 0 0 1 0 0 0 0 0 0 0 0 0 0 0 0
761 0 0 0 0 0 0 0 0 0 0 0 1 1 0 0 0 0 0
762 0 0 0 0 0 0 0 1 0 0 1 0 0 0 0 0 0 0
774 1 0 0 0 0 0 0 0 0 0 0 0 0 0 0 0 0 0
2822 1 0 0 0 0 0 0 0 0 0 0 0 0 0 0 0 0 0
782 0 0 1 0 1 0 0 0 0 0 0 0 0 0 0 0 0 0
784 0 0 0 0 0 0 0 1 0 0 0 0 0 0 0 0 0 0
2833 0 0 0 0 0 0 0 1 0 0 1 0 0 0 0 0 0 0
786 0 0 0 1 0 0 0 0 0 0 0 0 0 0 0 0 0 0
787 1 1 0 0 0 0 0 0 1 0 0 1 0 0 1 0 0 0
2835 0 1 0 0 0 0 0 0 0 0 0 0 0 0 0 0 0 0
2837 1 0 0 0 0 0 0 0 0 0 0 0 0 0 0 0 0 0
790 0 0 0 0 0 0 0 0 0 0 0 1 0 0 0 0 0 0
792 0 0 0 0 0 0 0 0 0 0 0 1 1 0 0 0 0 0
793 0 0 0 0 0 0 0 1 0 0 0 0 0 0 0 0 0 0
2840 0 0 0 0 1 0 0 0 0 0 0 0 0 0 0 0 0 0
2841 0 0 0 0 0 0 0 0 0 0 0 1 1 0 0 0 0 0
796 0 0 0 0 0 0 0 1 0 0 0 0 0 0 0 0 0 0
797 1 0 0 0 0 0 0 0 0 0 0 1 0 0 0 0 0 0
2847 0 1 0 0 0 1 0 0 0 0 0 0 0 0 0 0 0 0
2848 0 1 0 0 0 0 0 0 0 0 0 0 0 0 0 0 0 0
2849 0 0 0 0 0 0 1 0 0 0 0 0 0 0 0 0 0 0
2853 0 1 0 0 0 1 0 0 0 0 0 0 0 0 0 0 0 0
806 0 0 0 0 0 0 0 1 0 0 1 0 0 0 0 0 0 0
808 0 0 0 0 0 0 0 0 0 0 0 1 1 0 0 0 0 0
2856 0 0 0 0 0 0 0 1 0 0 0 0 0 0 0 0 0 0
810 0 1 0 0 0 1 0 0 1 0 0 0 0 0 0 0 0 0
826 0 0 0 0 0 0 0 0 0 0 0 1 1 0 0 0 0 0
2874 0 1 0 0 0 1 0 0 0 0 0 0 0 0 0 0 0 0
829 0 0 0 0 0 0 1 0 0 0 0 0 0 0 0 0 0 0
2878 1 0 0 0 0 0 0 0 0 0 0 0 0 0 0 0 0 0
2879 1 0 0 0 0 0 0 0 0 0 0 1 1 0 0 0 0 0
832 0 0 0 0 0 0 0 0 0 0 1 0 0 0 0 0 0 0
833 0 1 0 0 0 1 0 0 0 0 0 0 0 0 0 0 0 0
2881 1 0 0 0 0 0 0 0 0 0 0 0 1 0 0 0 0 0
2883 0 1 0 0 0 1 0 0 0 0 0 0 0 0 0 0 0 0
2888 0 0 0 0 0 0 0 1 0 0 0 0 0 0 0 0 0 0
843 0 0 0 0 0 0 0 1 0 0 0 0 0 0 0 0 0 0
844 0 0 0 0 0 0 0 0 1 0 0 0 0 0 0 0 0 0
2891 1 0 0 0 0 0 0 0 0 0 0 0 0 0 0 0 0 0
850 1 0 0 0 0 0 0 0 0 0 0 0 0 0 0 0 0 0
2902 1 0 0 0 1 0 0 0 0 0 0 0 0 0 0 0 0 0
2907 1 0 0 0 0 0 0 0 0 0 0 1 0 0 0 0 0 0
860 0 0 0 0 0 0 0 1 1 0 0 0 0 0 0 0 0 0
861 0 0 0 0 0 0 0 0 1 0 0 0 0 0 0 0 0 0
2910 1 0 0 0 0 0 0 0 1 0 0 0 0 0 0 0 0 0
868 0 0 0 0 0 0 0 1 0 0 1 0 0 0 0 0 0 0
880 1 0 0 0 0 0 0 0 0 0 0 0 0 0 0 0 0 0
2928 1 0 0 0 0 0 0 0 0 0 0 0 0 0 0 0 0 0
2930 1 0 0 0 0 0 0 0 0 0 0 0 0 0 0 0 0 0
883 0 0 0 0 0 1 0 0 1 0 0 0 0 0 0 0 0 0
884 0 1 0 0 0 1 0 0 0 0 0 0 0 0 0 0 0 0
2933 0 0 0 1 1 0 0 0 0 0 0 0 0 0 0 0 0 0
2936 0 0 1 0 1 0 0 0 0 0 0 0 0 0 0 0 0 0
2937 1 0 0 0 1 0 0 0 1 0 0 1 1 0 1 0 0 0
890 0 0 0 0 0 0 0 0 1 0 0 0 0 0 0 0 0 0
891 1 0 0 0 0 0 0 1 0 0 0 0 0 0 0 0 0 0
892 0 1 0 0 0 0 0 0 1 0 0 0 0 0 0 0 0 0
2938 0 0 0 0 1 0 0 0 1 0 0 0 0 0 0 0 0 0
894 0 0 0 0 0 0 0 0 0 0 0 1 1 0 0 0 0 0
900 0 1 0 0 0 1 0 0 0 0 0 0 0 0 0 0 0 0
902 1 0 0 0 0 0 0 0 0 0 0 0 0 0 0 0 0 0
2951 1 0 0 0 0 0 0 0 0 0 0 0 0 0 0 0 0 0
2955 0 0 0 0 1 0 0 0 0 0 0 0 0 0 0 0 0 0
2956 0 0 1 0 1 0 0 0 1 0 0 0 0 0 0 0 0 0
2957 1 0 0 0 0 0 0 0 0 0 0 0 0 0 0 0 0 0
911 0 0 0 0 0 0 0 1 0 0 1 0 0 0 0 0 0 0
913 1 0 0 0 0 0 0 0 0 0 0 0 0 0 0 0 0 0
920 1 0 0 0 0 0 0 0 0 0 0 0 0 0 0 0 0 0
2971 1 0 0 0 0 0 0 0 0 0 0 0 0 0 0 0 0 0
2973 1 0 0 0 0 0 0 1 1 0 0 0 0 0 1 0 0 0
927 1 0 0 0 0 0 0 0 0 0 0 0 0 0 0 0 0 0
929 1 0 0 0 0 0 0 0 0 0 0 0 0 0 0 0 0 0
930 0 0 0 0 0 0 0 1 0 0 0 0 0 0 0 0 0 0
931 0 0 0 0 0 0 0 1 0 0 0 0 0 0 0 0 0 0
932 0 1 0 0 0 1 0 0 0 0 0 0 0 0 0 0 0 0
933 1 0 0 0 0 0 0 0 0 0 0 0 0 0 0 0 0 0
2978 1 0 0 0 0 0 0 0 0 0 0 0 0 0 0 0 0 0
2981 0 0 0 0 1 0 0 0 0 0 0 0 0 0 0 0 0 0
2988 0 0 0 0 1 0 0 0 0 0 0 0 0 0 0 0 0 0
2989 0 1 0 0 0 1 0 0 0 0 0 0 0 0 0 0 0 0
942 1 0 0 0 0 0 0 0 0 0 0 0 0 0 0 0 0 0
2991 0 0 0 0 0 0 0 1 0 0 0 0 0 0 0 0 0 0
944 1 0 0 0 0 0 0 0 0 0 0 0 0 0 0 0 0 0
945 0 0 0 1 0 0 0 0 0 0 0 0 0 0 0 0 0 0
946 0 0 0 0 0 0 0 1 1 0 0 0 0 0 1 0 0 0
2993 1 0 0 0 0 0 0 0 0 0 0 0 0 0 0 0 0 0
2994 0 0 0 0 0 0 0 1 0 0 0 0 0 0 0 0 0 0
949 0 0 0 0 0 0 0 1 0 0 1 0 0 0 0 0 0 0
950 0 0 0 0 1 0 0 0 1 0 0 0 0 0 0 0 0 0
951 1 0 0 0 0 0 0 1 0 0 0 0 0 0 0 0 0 0
952 1 0 0 0 0 0 0 0 0 0 0 0 0 0 0 0 0 0
2997 1 0 0 0 0 0 0 0 0 0 0 0 0 0 0 0 0 0
954 0 0 0 0 0 1 0 0 0 0 0 0 0 0 0 0 0 0
957 1 0 0 0 0 0 0 0 0 0 0 0 0 0 1 0 0 0
958 0 0 0 0 0 1 0 0 0 0 0 0 0 0 0 0 0 0
959 1 0 0 0 0 0 0 0 0 0 0 0 0 0 0 0 0 0
3009 0 0 0 0 1 0 0 0 0 0 0 0 0 0 0 0 0 0
3010 1 0 0 0 0 0 0 0 0 0 0 1 1 0 0 0 0 0
966 0 0 0 0 0 0 0 0 0 0 0 1 1 0 0 0 0 0
3017 1 0 0 0 0 0 0 0 0 0 0 1 0 0 0 0 0 0
971 1 0 0 0 0 0 0 0 0 0 0 0 0 0 1 0 0 0
3021 1 0 0 0 0 0 0 0 0 0 0 0 0 0 0 0 0 0
3023 0 0 0 0 0 0 0 1 0 0 0 0 0 0 0 0 0 0
979 1 0 0 0 1 0 0 0 0 0 0 0 1 0 0 0 0 0
986 1 0 0 0 0 0 0 0 0 0 0 0 1 0 0 0 0 0
3034 0 0 0 0 0 0 0 1 0 0 0 0 0 0 0 0 0 0
3036 0 0 0 0 0 0 0 0 1 0 0 0 0 0 0 0 0 0
3039 1 0 0 0 0 0 0 0 0 0 0 0 0 0 0 0 0 0
992 0 0 1 0 0 0 0 0 0 0 0 0 0 0 0 0 0 0
3040 1 0 0 0 0 0 0 0 0 0 0 0 0 0 0 0 0 0
995 0 1 0 0 0 1 0 0 0 0 0 0 0 0 0 0 0 0
3047 1 0 0 0 0 0 0 0 0 0 0 0 0 0 0 0 0 0
3061 0 0 0 0 1 0 0 0 1 0 0 0 0 0 0 0 0 0
3062 0 1 0 0 0 1 0 0 0 0 0 0 0 0 0 0 0 0
3063 1 0 0 0 0 0 0 0 0 0 0 0 0 0 0 0 0 0
3067 0 1 0 0 0 0 0 0 1 0 0 0 0 0 0 0 0 0
1026 1 0 0 0 0 0 0 0 0 0 0 0 0 0 0 0 0 0
3074 0 0 0 0 0 0 0 0 1 0 0 0 0 0 0 0 0 0
1033 0 0 0 0 0 0 0 0 1 0 0 0 0 0 0 0 0 0
3085 1 0 0 0 0 0 0 0 0 0 0 0 0 0 0 0 0 0
1038 0 1 0 0 0 1 0 0 0 0 0 0 0 0 0 0 0 0
3089 1 0 0 0 0 0 0 0 0 0 0 0 0 0 0 0 0 0
1043 1 0 0 0 0 0 0 0 0 0 0 0 0 0 0 0 0 0
3099 0 0 0 0 0 0 0 0 0 0 1 0 0 0 0 0 0 0
3102 0 0 0 0 0 0 0 0 1 0 0 0 0 0 0 0 0 0
1055 0 0 0 0 1 0 0 0 0 0 0 0 0 0 0 0 0 0
3108 0 0 0 0 0 0 0 0 0 0 0 0 0 0 1 0 0 0
3116 0 0 0 0 0 0 0 0 0 0 0 0 0 0 1 0 0 0
1071 0 0 0 0 0 0 0 0 0 0 1 0 0 0 0 0 0 0
1079 0 0 0 0 0 0 0 0 1 0 0 1 0 0 0 0 0 0
3128 0 0 0 0 0 0 0 1 0 0 0 0 0 0 0 0 0 0
1081 0 1 0 0 0 0 0 0 0 0 0 0 0 0 0 0 0 0
3129 1 0 0 0 0 0 0 0 0 0 0 0 0 0 0 0 0 0
1084 0 0 1 0 0 0 0 0 1 0 0 1 0 0 0 0 0 0
1087 0 0 0 0 1 0 0 0 0 0 0 0 0 0 0 0 0 0
3139 0 0 0 0 0 0 0 0 0 0 1 0 0 0 0 0 0 0
1092 0 1 0 0 0 1 0 0 0 0 0 0 0 0 0 0 0 0
3145 0 0 0 0 0 0 0 0 0 0 0 1 0 0 0 0 0 0
1099 1 0 0 0 0 0 0 0 0 0 0 0 0 0 0 0 0 0
4289 0 1 0 0 0 1 0 0 0 0 0 0 0 0 0 0 0 0
1103 0 0 0 0 0 0 0 0 0 0 0 1 1 0 0 0 0 0
1104 0 0 0 0 1 0 0 0 0 0 0 0 0 0 0 0 0 0
1105 1 0 0 0 1 0 0 0 0 0 0 0 0 0 0 0 0 0
3151 1 0 0 0 0 0 0 1 0 0 0 0 0 0 0 0 0 0
3152 1 0 0 0 0 0 0 0 0 0 0 0 0 0 0 0 0 0
1108 1 0 0 0 0 0 0 0 0 0 0 0 0 0 0 0 0 0
1110 0 0 0 0 0 0 0 0 1 0 0 0 0 0 0 0 0 0
3159 0 0 0 0 0 0 0 0 0 0 0 1 0 0 0 0 0 0
1118 0 1 0 0 0 1 0 0 1 0 0 0 0 0 0 0 0 0
1132 0 0 0 0 0 0 0 0 1 0 0 0 0 0 0 0 0 0
3182 0 1 0 0 0 0 0 0 1 0 0 0 0 0 0 0 0 0
1140 0 1 0 0 0 1 0 0 0 0 0 0 0 0 0 0 0 0
1143 0 0 0 0 0 0 0 0 1 0 0 0 0 0 0 0 0 0
3191 1 0 0 0 0 1 0 0 0 0 0 0 0 0 0 0 0 0
3192 0 1 0 0 0 1 0 0 1 0 0 0 0 0 0 0 0 0
3193 1 0 0 0 0 0 0 0 0 0 0 0 0 0 0 0 0 0
1154 0 0 0 0 0 0 0 0 1 0 0 0 0 0 0 0 0 0
3202 0 0 0 0 0 0 0 0 0 0 1 0 0 0 0 0 0 0
3206 0 0 0 0 1 0 0 0 0 0 0 0 0 0 0 0 0 0
1159 0 1 0 0 0 0 0 0 0 0 0 0 0 0 0 0 0 0
3208 1 0 0 0 0 0 0 0 0 0 0 0 0 0 0 0 0 0
1163 1 0 0 0 0 0 0 0 0 0 0 0 0 0 0 0 0 0
1165 0 0 0 0 0 0 0 0 0 0 0 1 1 0 0 0 0 0
3214 1 0 0 0 0 0 0 0 0 0 0 1 0 0 0 0 0 0
1168 1 0 0 0 0 0 1 0 0 0 0 0 0 0 0 0 0 0
3221 0 1 0 0 0 1 0 0 0 0 0 0 0 0 0 0 0 0
3222 0 0 0 0 1 0 0 0 1 0 0 0 0 0 0 0 0 0
3223 1 0 0 0 0 0 0 0 0 0 0 0 0 0 0 0 0 0
1176 0 0 0 0 1 0 0 0 0 0 0 0 0 0 0 0 0 0
1178 0 0 0 0 1 0 0 0 0 0 0 0 0 0 0 0 0 0
1180 1 0 0 0 0 0 0 0 0 0 0 0 0 0 0 0 0 0
1181 0 1 0 0 0 1 0 0 0 0 0 0 0 0 0 0 0 0
1182 1 0 0 0 0 0 0 0 0 0 0 0 0 0 0 0 0 0
1186 0 0 0 0 0 0 0 1 0 0 0 0 0 0 0 0 0 0
3234 0 1 0 0 0 1 0 0 0 0 0 0 0 0 0 0 0 0
3242 1 0 0 0 0 0 0 0 0 0 0 1 1 0 0 0 0 0
3246 1 0 0 0 0 0 0 0 0 0 0 0 0 0 0 0 0 0
1199 1 0 0 0 0 0 0 0 0 0 0 0 0 0 0 0 0 0
1202 0 0 0 0 0 0 0 0 0 0 1 0 0 0 0 0 0 0
3255 0 0 0 0 0 0 0 0 1 0 0 0 0 0 0 0 0 0
3257 0 1 0 0 0 1 0 0 0 0 0 0 0 0 0 0 0 0
1211 0 0 0 0 1 0 0 0 0 0 0 0 0 0 0 0 0 0
3262 0 1 0 0 0 1 0 0 0 0 0 0 0 0 0 0 0 0
1216 0 1 0 0 0 0 0 0 0 0 0 0 0 0 0 0 0 0
3264 0 0 0 0 0 0 0 1 0 0 0 0 0 0 0 0 0 0
3269 0 0 0 0 0 0 0 1 0 0 0 0 0 0 0 0 0 0
1223 1 0 0 0 0 0 0 0 0 0 0 1 1 0 0 0 0 0
1226 0 0 0 0 0 0 0 1 0 0 0 0 0 0 0 0 0 0
3275 1 0 0 0 0 0 0 0 0 0 0 1 1 0 0 0 0 0
3276 0 0 0 0 0 0 0 1 0 0 0 0 0 0 0 0 0 0
3277 1 0 0 0 0 0 0 0 0 0 0 0 0 0 0 0 0 0
3280 0 0 0 0 0 0 0 0 0 0 1 0 0 0 0 0 0 0
1241 1 0 0 0 0 0 0 0 0 0 0 1 1 0 0 0 0 0
1250 0 0 1 0 1 0 0 0 1 0 0 0 0 0 0 0 0 0
4319 1 0 0 0 0 0 0 0 0 0 0 0 0 0 0 0 0 0
1252 1 0 1 0 1 0 0 0 0 0 1 1 0 0 1 0 0 0
1253 0 0 0 0 0 1 0 0 0 0 0 1 1 0 0 0 0 0
1254 0 0 0 0 0 0 0 0 0 0 1 0 0 0 0 0 0 0
3304 1 0 0 0 0 0 0 1 0 0 0 0 0 0 0 0 0 0
1257 1 0 0 0 0 0 0 0 0 0 0 0 0 0 0 0 0 0
3305 1 0 0 0 0 0 0 0 0 0 0 0 0 0 0 0 0 0
3307 0 1 0 0 0 1 0 0 0 0 0 0 0 0 0 0 0 0
1261 0 0 0 0 0 0 0 0 0 0 0 1 1 0 0 0 0 0
3313 0 0 0 0 0 0 0 0 0 0 0 1 1 0 0 0 0 0
1267 0 0 0 0 0 0 0 0 1 0 0 0 0 0 0 0 0 0
3320 0 0 0 0 0 1 0 0 1 0 0 0 0 0 0 0 0 0
1275 0 0 0 0 0 0 0 0 1 0 0 0 0 0 0 0 0 0
1283 0 0 0 0 0 0 0 1 0 0 0 0 0 0 0 0 0 0
3333 0 0 0 0 1 0 0 0 0 0 0 0 0 0 0 0 0 0
3343 0 0 0 0 0 0 0 1 0 0 0 0 0 0 0 0 0 0
1299 0 0 0 0 0 0 0 0 1 0 0 0 0 0 0 0 0 0
1300 1 0 0 0 0 0 0 0 0 0 0 1 1 0 0 0 0 0
3347 1 0 0 0 0 0 0 0 0 0 0 0 0 0 0 0 0 0
3351 0 0 0 0 0 0 0 0 1 0 0 0 0 0 0 0 0 0
3352 1 0 0 0 0 0 0 0 0 0 0 0 0 0 0 0 0 0
1305 0 0 0 0 0 0 0 0 1 0 0 0 0 0 0 0 0 0
1306 0 0 0 0 0 0 0 0 0 0 1 0 0 0 0 0 0 0
1307 0 0 1 0 0 0 0 0 0 0 0 0 0 0 0 0 0 0
3355 0 0 0 0 0 0 0 0 0 0 0 0 0 0 0 0 1 0
3356 1 0 0 0 0 0 0 0 0 0 0 0 0 0 0 0 0 0
3358 1 0 0 0 0 0 0 0 0 0 0 1 1 0 0 0 0 0
1312 0 0 0 0 0 0 1 0 0 0 0 0 0 0 0 0 0 0
3360 1 0 0 0 0 0 0 0 0 0 0 0 0 0 0 0 0 0
1314 0 0 0 0 0 1 0 0 1 0 0 0 0 0 0 0 0 0
3361 0 0 1 0 1 0 0 0 0 0 0 0 0 0 0 0 0 0
3365 0 1 0 0 0 1 0 0 0 0 0 0 0 0 0 0 0 0
1318 0 0 0 0 0 0 0 0 1 0 0 0 0 0 0 0 0 0
1325 0 1 0 0 0 1 0 0 1 0 0 0 0 0 0 0 0 0
1326 0 1 0 0 0 1 0 0 1 0 0 0 0 0 0 0 0 0
1328 1 0 0 0 0 0 0 0 0 0 0 0 0 0 1 0 0 0
3377 0 0 0 0 0 1 0 0 0 0 0 0 0 0 0 0 0 0
1336 0 1 0 0 0 0 0 0 1 0 0 0 0 0 0 0 0 0
3389 0 1 0 0 0 1 0 0 0 0 0 0 0 0 0 0 0 0
1343 1 0 0 0 0 0 0 0 0 0 0 0 0 0 0 0 0 0
3391 0 0 0 0 0 0 0 1 0 0 1 0 0 0 0 0 0 0
3394 0 0 0 0 0 0 0 1 0 0 1 0 0 0 0 0 0 0
1349 0 0 0 0 0 0 0 0 1 0 0 0 0 0 0 0 0 0
3398 0 0 1 0 1 0 0 0 0 0 0 0 0 0 0 0 0 0
3399 0 0 0 0 0 0 0 0 1 0 0 0 0 0 0 0 0 0
1361 1 1 0 0 0 1 0 0 0 0 0 0 0 0 0 0 0 0
1362 0 0 1 0 0 0 0 0 0 0 0 0 0 0 0 0 0 0
3411 0 0 0 0 1 0 0 0 0 0 0 0 0 0 0 0 0 0
1364 1 0 0 0 0 0 0 0 0 0 0 0 0 0 0 0 0 0
1368 0 1 0 0 0 1 0 0 0 0 0 0 0 0 0 0 0 0
3416 0 0 0 0 1 0 0 0 0 0 0 0 0 0 0 0 0 0
3417 0 0 0 0 0 0 0 0 1 0 0 0 0 0 0 0 0 0
3426 0 0 0 0 1 0 0 0 0 1 0 0 0 0 0 0 0 0
3427 1 0 0 0 0 0 0 0 0 0 0 0 0 0 0 0 0 0
3432 0 1 0 0 0 1 0 0 0 0 0 0 0 0 0 0 0 0
3434 1 0 0 0 0 0 0 1 0 0 0 0 0 0 0 0 0 0
1389 1 0 0 0 0 0 0 0 0 0 0 1 0 0 0 0 0 0
3438 0 0 0 0 1 0 0 0 1 0 0 0 0 0 0 0 0 0
1391 0 0 0 1 0 0 0 0 0 1 0 0 0 0 0 0 0 0
1395 0 1 0 0 0 1 0 0 0 0 0 0 0 0 0 0 0 0
1401 0 0 0 0 0 1 0 0 0 0 0 0 0 0 0 0 0 0
3452 1 0 0 0 0 0 0 0 1 0 0 1 1 0 0 0 0 0
1407 1 0 0 0 0 0 0 0 0 0 0 1 1 0 0 0 0 0
3457 0 0 0 0 0 0 0 0 0 0 0 1 1 0 0 0 0 0
3461 0 1 0 0 0 1 0 0 0 0 0 0 0 0 0 0 0 0
1416 1 0 0 0 0 0 0 0 0 0 0 0 0 0 0 0 0 0
3466 0 1 0 0 0 1 0 0 0 0 0 0 0 0 0 0 0 0
3468 1 0 0 0 0 0 0 0 0 0 0 0 0 0 0 0 0 0
1428 1 0 0 0 0 0 0 0 0 0 0 0 0 0 0 0 0 0
3476 0 0 0 0 0 0 0 0 1 0 0 0 0 0 0 0 0 0
1443 1 0 0 0 0 0 0 0 1 0 0 0 0 0 0 0 0 0
3493 1 0 0 0 0 0 0 0 0 0 0 0 0 0 0 0 0 0
3496 0 0 0 0 0 0 0 1 0 0 0 0 0 0 0 0 0 0
1450 0 0 0 0 0 0 0 0 0 0 0 1 1 0 0 0 0 0
3500 0 0 0 0 0 0 0 1 0 0 1 0 0 0 0 0 0 0
1453 0 0 0 0 0 1 0 0 0 0 0 0 0 0 0 0 0 0
1455 1 0 0 0 0 0 0 0 0 0 0 0 0 0 0 0 0 0
1456 0 0 0 0 0 0 0 1 0 0 0 0 0 0 0 0 0 0
3503 1 0 0 0 0 0 0 0 0 0 0 0 0 0 0 0 0 0
3505 1 0 0 0 0 0 0 0 0 0 0 0 0 0 0 0 0 0
3510 0 0 0 0 0 0 0 0 0 0 1 0 0 0 0 0 0 0
3514 0 0 0 0 0 0 0 1 0 0 1 0 0 0 0 0 0 0
3515 0 1 0 0 0 1 0 0 0 0 0 0 0 0 0 0 0 0
1469 1 0 0 0 0 0 0 0 0 0 0 0 0 0 0 0 0 0
1476 0 0 0 0 0 0 0 1 0 0 0 0 0 0 0 0 0 0
3527 0 1 0 0 0 1 0 0 0 0 0 0 0 0 0 0 0 0
1480 0 0 0 0 0 0 0 0 0 0 1 0 0 0 0 0 0 0
1482 0 0 0 0 1 0 0 0 0 0 0 0 0 0 0 0 0 0
3550 0 0 0 0 0 0 1 0 0 0 0 0 0 0 0 0 0 0
3551 0 0 0 0 0 0 0 0 0 0 0 1 0 0 0 0 0 0
3552 1 0 0 0 0 0 0 0 1 0 0 0 0 0 0 0 0 0
1508 0 1 0 0 0 1 0 0 1 0 0 0 0 0 0 0 0 0
3556 1 0 0 0 0 0 0 0 0 0 0 0 0 0 0 0 0 0
3565 0 0 0 0 0 0 0 0 0 0 0 1 1 0 0 0 0 0
1519 0 0 0 0 0 0 0 1 0 0 0 0 0 0 0 0 0 0
3567 0 1 0 0 0 1 0 0 0 0 0 0 0 0 0 0 0 0
3569 0 0 0 0 0 0 0 0 0 0 0 1 0 0 0 0 0 0
1525 0 1 0 0 0 0 0 0 0 0 0 0 0 0 0 0 0 0
1533 0 0 0 0 0 0 0 0 0 0 0 1 1 0 0 0 0 0
1535 1 0 0 0 0 0 0 0 0 0 0 0 0 0 0 0 0 0
3585 0 1 0 0 0 1 0 0 0 0 0 0 0 0 0 0 0 0
3586 1 0 0 0 0 0 0 0 0 0 0 0 0 0 0 0 0 0
1539 0 0 0 0 0 0 0 0 0 0 1 0 0 0 0 0 0 0
3590 0 1 0 0 0 0 0 0 0 0 0 0 0 0 0 0 0 0
1544 0 0 0 0 1 0 0 0 0 0 0 0 0 0 0 0 0 0
1545 1 0 0 0 0 0 0 0 0 0 0 0 0 0 0 0 0 0
1553 1 0 0 0 0 0 0 0 0 0 0 0 0 0 0 0 0 0
3601 0 0 0 0 0 0 0 0 1 0 0 0 0 0 0 0 0 0
1557 1 0 0 0 0 0 0 0 0 0 0 1 1 0 0 0 0 0
1558 0 0 0 0 1 0 0 0 0 0 0 0 0 0 0 0 0 0
1560 0 1 0 0 0 1 0 0 0 0 0 0 0 0 0 0 0 0
1564 1 0 0 0 1 0 0 0 0 0 0 0 1 0 1 0 0 0
1571 1 1 0 0 0 1 0 0 0 0 0 1 0 0 0 0 0 0
3626 0 0 0 0 0 0 0 1 0 0 1 0 0 0 0 0 0 0
3628 0 0 0 0 1 0 0 0 0 0 0 0 0 0 0 0 0 0
1581 0 1 0 0 0 1 0 0 0 0 0 0 0 0 0 0 0 0
3630 0 0 0 0 1 0 0 0 0 0 0 0 0 0 0 0 0 0
1589 0 0 0 0 0 0 0 1 0 0 1 0 0 0 0 0 0 0
1590 0 0 1 0 0 0 0 0 0 0 0 0 0 0 0 0 0 0
3637 1 0 0 0 0 0 0 0 0 0 0 0 0 0 0 0 0 0
1597 0 0 0 0 0 0 0 0 0 0 0 1 1 0 0 0 0 0
3646 0 1 0 0 0 0 0 0 0 0 0 0 0 0 0 0 0 0
1599 1 0 0 0 0 0 0 0 0 0 0 0 0 0 0 0 0 0
3647 1 0 0 0 0 0 0 0 0 0 0 0 0 0 0 0 0 0
3650 0 0 1 0 0 0 0 0 0 0 0 0 0 0 0 0 0 0
1603 0 0 1 0 0 0 0 0 0 0 0 0 0 0 0 0 0 0
1607 1 0 0 0 0 0 0 0 0 0 0 0 0 0 0 0 0 0
1609 0 0 1 0 1 0 0 0 0 0 0 0 0 0 0 0 0 0
3666 1 0 0 0 0 0 0 0 0 0 0 0 0 0 0 0 0 0
1619 0 0 0 0 0 0 0 1 0 0 0 0 0 0 0 0 0 0
3667 1 0 0 0 0 0 0 0 0 0 0 0 0 0 0 0 0 0
1621 0 0 0 0 0 0 0 1 0 0 0 0 0 0 0 0 0 0
3668 0 0 0 0 0 1 0 0 0 0 0 0 0 0 0 0 0 0
3670 0 0 0 0 0 0 0 0 0 0 1 0 0 0 0 0 0 0
3672 1 0 0 0 0 0 0 0 0 0 0 0 0 0 0 0 0 0
3674 1 0 0 0 0 0 0 0 0 0 0 0 0 0 0 0 0 0
1627 0 0 0 0 0 1 0 0 0 0 0 0 0 0 0 0 0 0
3680 1 0 0 0 0 0 0 0 0 0 0 1 1 0 0 0 0 0
3683 1 0 0 0 0 0 0 0 0 0 0 0 0 0 0 0 0 0
1641 1 0 0 0 0 0 1 0 0 0 0 0 0 0 0 0 0 0
3690 1 0 0 0 0 0 0 0 0 0 0 0 0 0 0 0 0 0
1644 1 0 0 0 0 0 0 1 0 0 0 0 0 0 0 0 0 0
1658 0 0 1 1 0 0 0 0 0 0 0 0 0 0 0 0 0 0
3706 1 0 0 0 0 0 0 0 0 0 0 0 0 0 0 0 0 0
3716 0 1 0 0 0 1 0 0 0 0 0 0 0 0 0 0 0 0
3720 0 0 0 0 1 0 0 0 0 0 0 0 0 0 0 0 0 0
3721 1 0 0 0 0 0 0 0 0 0 0 0 0 0 0 0 0 0
3732 0 0 1 0 0 0 0 0 0 0 0 0 0 0 0 0 0 0
1692 0 1 0 0 0 1 0 0 0 0 0 0 0 0 0 0 0 0
1694 1 0 0 0 0 0 0 0 0 0 0 0 0 0 0 0 0 0
3747 0 0 0 0 0 0 0 0 0 1 0 0 0 0 0 0 0 0
3748 0 1 0 0 0 0 0 0 0 0 0 0 0 0 0 0 0 0
3752 0 0 0 0 0 0 0 0 0 0 1 0 0 0 0 0 0 0
3753 1 0 0 0 0 0 0 0 0 0 0 0 0 0 0 0 1 0
1709 0 0 0 0 0 0 0 0 0 0 1 0 0 0 0 0 0 0
3757 0 0 0 1 0 0 0 0 0 0 0 0 0 0 0 0 0 0
3760 0 0 0 0 0 0 0 0 0 0 1 0 0 0 0 0 0 0
3761 1 1 0 0 0 0 0 0 0 0 0 0 0 0 0 0 0 0
1714 1 0 0 0 1 0 0 0 0 0 0 0 0 0 0 0 0 0
3763 1 0 0 0 0 0 0 0 1 0 0 0 0 0 0 0 0 0
1718 0 0 0 0 1 0 0 0 0 0 0 0 0 0 0 0 0 0
1719 1 0 0 0 1 0 0 1 1 0 0 1 0 0 1 0 0 0
1720 1 0 0 0 0 0 0 0 0 0 0 0 0 0 0 0 0 0
3766 0 0 0 0 1 0 0 0 0 0 0 0 0 0 0 0 0 0
3768 1 0 0 0 0 0 0 0 0 0 0 0 0 0 1 0 0 0
1724 1 0 0 0 0 0 0 0 0 0 0 0 0 0 0 0 0 0
1726 0 0 0 0 0 0 0 0 0 0 0 1 0 0 0 0 0 0
3775 1 0 0 0 0 0 0 0 0 0 0 0 0 0 0 0 0 0
1728 1 0 0 0 0 0 0 0 0 0 0 0 0 0 0 0 0 0
3776 0 0 0 0 0 0 0 0 0 0 0 1 1 0 0 0 0 0
1732 1 0 0 0 0 0 0 1 0 0 0 0 0 0 1 0 0 0
3782 0 0 0 0 0 0 0 1 0 0 0 0 0 0 0 0 0 0
3783 0 0 0 0 0 0 0 1 0 0 0 0 0 0 0 0 0 0
3784 0 0 0 0 0 0 0 0 0 0 1 0 0 0 0 0 0 0
3785 1 0 0 0 0 0 0 0 0 0 0 0 0 0 0 0 0 0
1739 1 0 0 0 0 0 0 0 0 0 0 0 0 0 0 0 0 0
1740 0 1 0 0 0 1 0 0 0 0 0 0 0 0 0 0 0 0
3789 0 0 0 0 1 0 0 0 0 0 0 0 0 0 0 0 0 0
1744 1 0 0 0 0 0 0 0 0 0 0 0 0 0 0 0 0 0
1747 0 0 0 0 0 1 0 0 0 0 0 0 0 0 0 0 0 0
3795 0 1 0 0 0 1 0 0 0 0 0 0 0 0 0 0 0 0
3796 0 0 0 0 0 0 0 0 0 0 1 0 0 0 0 0 0 0
3797 0 0 0 0 0 0 0 1 0 0 0 0 0 0 0 0 0 0
1755 0 0 0 0 0 0 0 0 1 0 0 0 0 0 0 0 0 0
3806 0 0 0 0 0 0 1 0 0 0 0 0 0 0 0 0 0 0
1759 0 0 0 0 0 0 0 0 1 0 0 0 0 0 0 0 0 0
3815 0 0 0 0 0 1 0 0 0 0 0 0 0 0 0 0 0 0
3820 0 0 0 0 0 0 0 0 0 0 0 1 1 0 0 0 0 0
1773 0 1 0 0 0 1 0 0 0 0 0 0 0 0 0 0 0 0
1776 0 0 0 0 0 0 0 1 0 0 0 0 0 0 0 0 0 0
1779 1 0 0 0 0 0 0 0 0 0 0 0 0 0 0 0 0 0
1783 1 0 0 0 0 0 0 0 0 0 0 0 0 0 0 0 0 0
3836 1 0 0 0 0 0 0 0 0 0 0 0 0 0 0 0 0 0
1791 0 0 0 0 0 0 1 0 0 0 0 0 0 0 0 0 0 0
1793 0 0 0 0 1 0 0 0 0 0 0 0 0 0 0 0 0 0
1798 0 0 0 0 0 0 0 0 0 0 1 0 0 0 0 0 0 0
1800 1 0 0 0 0 0 0 0 0 0 0 0 0 0 0 0 0 0
1802 0 0 0 0 0 0 0 0 0 0 0 1 0 0 0 0 0 0
3851 1 0 0 0 0 0 0 0 0 0 0 0 0 0 0 0 0 0
1804 0 0 0 0 0 0 0 0 0 0 1 0 0 0 0 0 0 0
1805 0 0 0 0 0 0 0 0 0 0 0 1 1 0 0 0 0 0
3853 0 0 0 0 1 0 0 0 0 0 0 0 0 0 0 0 0 0
3864 0 0 0 0 0 0 0 0 0 0 1 0 0 0 0 0 0 0
1817 1 0 0 0 0 0 0 0 0 0 0 0 0 0 0 0 0 0
1820 0 0 0 0 0 0 1 0 0 0 0 0 0 0 0 0 0 0
3869 1 0 0 0 0 0 0 0 0 0 0 1 1 0 0 0 0 0
1822 0 1 0 0 0 1 0 0 0 0 0 0 0 0 0 0 0 0
1824 1 0 0 0 0 0 0 0 0 0 0 1 0 0 0 0 0 0
1832 1 0 0 0 0 0 0 0 0 0 0 0 0 0 0 0 0 0
1837 0 0 0 0 0 0 0 0 0 0 0 1 1 0 0 0 0 0
1841 0 0 0 0 0 0 1 0 0 0 0 0 0 0 0 0 0 0
3889 1 0 0 0 0 0 0 0 0 0 0 0 0 0 0 0 0 0
1848 0 0 0 0 0 0 0 0 1 0 0 0 0 0 0 0 0 0
1849 1 0 0 0 0 0 0 1 0 0 1 0 0 0 0 0 0 0
1850 0 1 0 0 0 1 0 0 0 0 0 0 0 0 0 0 0 0
3900 0 0 0 0 0 0 0 0 0 0 1 0 0 0 0 0 0 0
1855 0 1 0 0 0 1 0 0 0 0 0 0 0 0 0 0 0 0
1857 0 1 0 0 0 1 0 0 0 0 0 0 0 0 0 0 0 0
3907 0 0 0 0 0 0 0 1 0 0 0 0 0 0 0 0 0 0
1861 1 0 0 0 0 0 0 0 0 0 0 0 0 0 0 0 0 0
1862 0 0 0 0 0 0 0 1 0 0 0 0 0 0 0 0 0 0
3909 0 1 0 0 0 1 0 0 0 0 0 0 0 0 0 0 0 0
3914 0 0 0 0 0 0 0 0 0 0 0 0 0 0 1 0 0 0
3915 0 0 0 0 1 0 0 0 0 0 0 1 1 0 0 0 0 0
3916 1 0 0 0 0 0 0 0 1 0 1 1 1 0 1 1 0 0
3917 0 0 1 0 0 0 0 0 0 0 0 0 0 0 0 0 0 0
1870 0 1 0 0 0 1 0 0 0 0 0 0 0 0 0 0 0 0
3918 1 0 0 0 0 0 0 0 0 0 0 1 1 0 0 0 0 0
3919 0 0 0 0 1 0 0 0 1 0 0 0 0 0 0 0 0 0
3931 0 0 0 0 0 0 0 1 0 0 0 0 0 0 0 0 0 0
1886 0 0 0 0 0 0 0 0 0 0 0 1 0 0 0 0 0 0
3935 1 0 0 0 0 0 0 0 1 0 0 0 0 0 0 0 0 0
1891 0 0 0 0 1 0 0 0 0 0 0 0 0 0 0 0 0 0
1892 1 0 0 0 0 0 0 0 0 0 0 0 0 0 0 0 0 0
1894 1 0 0 0 0 0 0 0 1 0 0 0 0 0 0 0 0 0
3943 0 0 0 0 0 0 0 0 0 0 1 0 0 0 0 0 0 0
1897 0 1 0 0 0 1 0 0 0 0 0 0 0 0 0 0 0 0
1898 1 0 0 0 0 0 0 0 0 0 0 1 0 0 0 0 0 0
1901 0 0 0 0 0 0 1 0 0 0 0 0 0 0 0 0 0 0
1902 0 0 0 0 0 0 0 0 1 0 0 0 0 0 0 0 0 0
3950 0 0 0 0 0 0 0 0 1 0 0 0 0 0 0 0 0 0
1905 0 1 0 0 0 1 0 0 0 0 0 0 0 0 0 0 0 0
3953 1 0 0 0 0 0 0 0 0 0 0 0 0 0 0 0 0 0
3954 0 1 0 0 0 0 0 0 0 0 0 0 0 0 0 0 0 0
3955 0 0 0 0 0 0 1 0 0 0 0 0 0 0 0 0 0 0
3957 0 0 0 0 0 1 0 0 0 0 0 0 0 0 0 0 0 0
3959 0 0 0 0 0 0 0 1 0 0 0 0 0 0 0 0 0 0
1912 0 0 0 0 0 0 0 1 0 0 0 0 0 0 0 0 0 0
1915 1 0 0 0 0 0 0 0 0 0 0 0 0 0 0 0 0 0
3962 0 0 0 0 0 0 0 0 1 0 0 0 0 0 0 0 0 0
3964 0 0 0 0 0 0 0 0 1 0 0 0 0 0 0 0 0 0
1920 1 0 0 0 1 0 0 0 1 0 0 1 0 0 1 0 0 0
1921 0 0 0 0 1 0 0 0 0 0 0 0 0 0 0 0 0 0
1922 0 0 1 0 1 0 0 0 0 0 0 0 0 0 0 0 0 0
3967 1 0 0 0 0 0 0 0 0 0 0 0 0 0 0 0 0 0
3969 1 0 0 0 0 0 0 0 0 0 0 0 0 0 0 0 0 0
3972 1 0 0 0 0 0 0 0 0 0 0 1 0 0 0 0 0 0
3974 1 0 0 0 0 0 0 0 1 0 0 0 0 0 1 0 0 0
3976 0 0 1 0 0 0 0 0 0 0 0 0 0 0 0 0 0 0
3981 0 0 0 0 0 0 0 0 0 0 0 0 0 0 0 0 1 0
3982 0 0 0 0 1 0 0 0 0 0 0 0 0 0 0 0 0 0
1935 1 0 0 0 0 0 0 0 0 0 0 0 0 0 0 0 0 0
1936 1 0 0 0 0 0 0 0 0 0 0 1 0 0 0 0 0 0
3983 0 1 0 0 0 1 0 0 0 0 0 0 0 0 0 0 0 0
3984 0 0 0 0 1 0 0 0 0 0 0 0 0 0 0 0 0 0
1939 0 1 0 0 0 1 0 0 0 0 0 0 0 0 0 0 0 0
3990 0 0 0 0 0 0 0 0 1 0 0 0 0 0 0 0 0 0
3992 1 0 0 0 0 0 0 0 0 0 0 0 0 0 0 0 0 0
1948 0 0 0 0 1 0 0 0 0 0 0 0 0 0 0 0 0 0
1953 1 0 0 0 0 0 0 0 0 0 0 0 0 0 0 0 0 0
4002 0 0 0 0 1 0 0 0 1 0 0 0 0 0 0 0 0 0
4003 1 0 0 0 0 0 0 0 0 0 0 1 1 0 0 0 0 0
4004 1 0 0 0 0 0 0 0 0 0 0 1 0 0 0 0 0 0
4005 0 1 0 0 0 1 0 0 0 0 0 0 0 0 0 0 0 0
1961 0 0 0 0 1 0 0 0 0 0 0 0 0 0 0 0 0 0
1962 1 0 0 0 0 0 0 0 0 0 0 0 0 0 0 0 0 0
4010 0 0 0 0 0 0 0 1 0 0 0 0 0 0 0 0 0 0
4013 0 1 0 0 0 1 0 0 0 0 0 0 0 0 0 0 0 0
1967 1 0 0 0 0 0 0 0 0 0 0 0 0 0 0 0 0 0
1971 0 0 0 0 0 0 0 0 1 0 0 0 0 0 0 0 0 0
4019 0 0 0 0 0 0 0 0 0 0 1 0 0 0 0 0 0 0
4026 0 1 0 0 0 1 0 0 0 0 0 0 0 0 0 0 0 0
1979 0 0 0 0 0 0 0 1 0 0 0 0 0 0 0 0 0 0
1981 0 0 0 0 1 0 0 0 0 0 0 0 0 0 0 0 0 0
1983 0 0 0 0 0 0 1 0 0 0 0 0 0 0 0 0 0 0
1985 1 0 0 0 1 0 0 0 1 0 0 0 0 0 0 0 0 0
4037 0 0 0 0 0 0 1 0 0 0 0 0 0 0 0 0 0 0
1990 0 0 0 0 0 0 0 1 0 0 0 0 0 0 0 0 0 0
4040 0 0 0 0 0 0 0 0 0 0 1 0 0 0 0 0 0 0
4044 0 0 0 0 0 0 0 1 0 0 1 0 0 0 0 0 0 0
1998 0 0 0 0 0 0 0 0 0 0 0 0 0 1 0 0 0 0
1999 1 0 0 0 0 0 0 0 0 0 0 0 0 0 0 0 0 0
2001 0 0 0 0 0 0 0 1 0 0 0 0 0 0 0 0 0 0
4049 0 0 0 0 0 0 0 1 0 0 0 0 0 0 0 0 0 0
4051 0 1 0 0 0 1 0 0 0 0 0 0 0 0 0 0 0 0
4053 1 0 0 0 0 0 0 0 0 0 0 1 1 0 0 0 0 0
4054 0 0 0 0 0 0 0 0 0 0 0 1 1 0 0 0 0 0
4056 1 0 0 0 0 0 0 0 0 0 0 1 1 0 0 0 0 0
4057 0 0 0 0 0 0 0 1 0 0 0 0 0 0 0 0 0 0
4059 1 0 0 0 0 0 0 0 0 0 0 0 0 0 0 0 0 0
4062 0 0 0 0 0 0 1 0 0 0 0 0 0 0 0 0 0 0
4063 0 0 0 0 0 0 0 0 0 0 0 0 0 0 0 0 0 1
4064 0 0 0 0 0 0 0 0 0 0 1 0 0 0 0 0 0 0
2018 0 0 0 0 0 1 0 0 0 0 0 0 0 0 0 0 0 0
2020 0 0 0 0 1 0 0 0 0 0 0 0 0 0 0 0 0 0
4069 1 0 0 0 0 0 0 0 0 0 0 0 0 0 0 0 0 0
4071 0 1 0 0 0 0 0 0 0 0 0 0 0 0 0 0 0 0
4072 0 0 0 0 1 0 0 0 0 0 0 0 0 0 0 0 0 0
4075 1 0 0 0 0 0 0 0 0 0 0 1 1 0 1 0 0 0
2028 0 0 0 0 0 0 0 1 0 0 0 0 0 0 0 0 0 0
2031 0 0 0 0 0 0 0 0 1 0 0 0 0 0 0 0 0 0
2034 1 0 0 0 0 0 1 0 1 0 0 0 0 0 0 0 0 0
4085 0 0 0 0 0 0 0 0 1 0 0 0 0 0 0 0 0 0
2039 0 0 0 0 0 0 0 0 0 0 0 1 0 0 0 0 0 0
4090 1 0 0 0 0 0 0 0 0 0 0 0 0 0 0 0 0 0
