node 0 1 2 3 4 5 6 7 8 9 10 11 12 13 14 15 16 17
0 1 0 0 0 0 0 0 0 0 0 0 0 0 0 0 0 0 0
9 0 0 0 0 0 0 0 0 1 0 0 0 0 0 0 0 0 0
10 1 0 0 0 0 0 0 0 0 0 0 0 0 0 0 0 0 0
12 0 0 0 0 0 0 0 0 1 0 0 0 0 0 0 0 0 0
13 1 0 0 0 0 0 0 0 0 0 0 0 0 0 0 0 0 0
14 0 0 0 0 0 1 0 0 1 0 0 0 0 0 0 0 0 0
17 0 0 0 0 0 0 0 0 1 0 0 0 0 0 0 0 0 0
20 0 0 0 0 0 0 0 1 0 0 1 0 0 0 0 0 0 0
32 1 0 0 0 0 0 0 0 0 0 0 0 0 0 0 0 0 0
34 0 0 0 0 0 0 0 0 1 0 0 0 0 0 0 0 0 0
37 0 0 0 0 0 0 0 0 0 0 0 0 0 0 0 0 1 0
38 0 0 0 0 0 0 0 0 0 0 0 0 0 0 1 0 0 0
40 0 0 0 0 0 0 0 0 0 0 0 0 0 0 1 0 0 0
41 1 0 0 0 0 0 0 0 0 0 0 0 0 0 0 0 0 0
43 0 0 0 0 1 0 0 0 0 0 0 0 0 0 0 0 0 0
52 0 0 0 0 0 0 0 1 0 0 0 0 0 0 0 0 0 0
56 0 0 0 0 0 0 0 0 1 0 0 0 0 0 0 0 0 0
57 0 0 0 0 0 0 0 1 0 0 0 0 0 0 0 0 0 0
59 0 0 0 0 1 0 0 0 0 0 0 0 0 0 0 0 0 0
65 1 0 0 0 0 0 0 0 0 0 0 0 0 0 1 0 0 0
70 1 0 0 0 0 0 0 0 1 0 0 0 1 0 0 0 0 0
72 0 0 0 0 0 0 0 1 0 0 0 0 0 0 0 0 0 0
76 0 0 0 0 0 0 0 0 1 0 0 0 1 0 0 0 0 0
78 0 0 0 0 0 1 0 0 0 0 0 0 0 0 0 0 0 0
79 0 1 0 0 0 0 0 0 0 0 0 0 0 0 0 0 0 0
80 1 0 0 0 0 0 0 0 0 0 0 0 0 0 0 0 0 0
95 1 0 0 0 0 0 0 0 0 0 0 0 0 0 0 0 0 0
96 0 1 0 0 0 1 0 0 0 0 0 0 0 0 0 0 0 0
98 0 0 0 0 0 0 0 1 0 0 0 0 0 0 0 0 0 0
102 0 1 0 0 0 0 0 0 0 0 0 0 0 0 0 0 0 0
104 1 0 0 0 0 0 0 0 0 0 0 0 0 0 0 0 0 0
108 0 0 0 0 0 0 0 1 0 0 0 0 0 0 0 0 0 0
109 0 0 0 0 0 0 0 1 0 0 0 0 0 0 0 0 0 0
112 1 0 0 0 0 0 0 0 0 0 0 0 0 0 0 0 0 0
113 0 0 0 0 0 0 0 1 0 0 0 0 0 0 0 0 0 0
115 1 0 0 0 0 0 0 0 0 0 0 0 0 0 0 0 0 0
121 1 0 0 0 0 0 0 0 0 0 0 1 0 0 0 0 0 0
132 1 0 0 0 0 0 0 0 0 0 0 0 0 0 0 0 0 0
133 0 1 0 0 0 1 0 0 0 0 0 0 0 0 0 0 0 0
134 0 1 0 0 0 1 0 0 1 0 0 0 0 0 0 0 0 0
139 0 0 0 0 0 0 0 0 1 0 0 0 0 0 0 0 0 0
140 0 0 0 0 0 1 0 0 0 0 0 0 0 0 0 0 0 0
142 0 0 0 0 1 0 0 0 0 0 0 1 0 0 0 0 0 0
143 1 0 0 0 0 0 0 0 0 0 0 0 0 0 0 0 0 0
146 0 0 0 0 1 0 0 0 0 0 0 0 0 0 0 0 0 0
148 0 0 0 0 0 0 0 0 1 0 0 0 0 0 0 0 0 0
151 1 0 0 0 0 0 0 0 0 0 0 0 0 0 0 0 0 0
152 1 0 0 0 0 0 0 0 0 0 0 0 0 0 0 0 0 0
158 1 0 0 0 0 0 0 0 0 0 0 1 0 0 0 0 0 0
160 0 0 0 0 0 0 0 0 1 0 0 0 0 0 0 0 0 0
162 1 0 0 0 0 0 0 0 0 0 0 0 0 0 0 0 0 0
164 1 0 0 0 0 0 0 0 1 0 0 0 0 0 0 0 0 0
165 1 0 0 0 0 0 0 0 0 0 0 0 0 0 0 0 0 0
166 0 0 0 0 0 1 0 0 0 0 0 0 0 0 0 0 0 0
170 1 0 0 0 0 0 0 0 0 0 0 0 0 0 0 0 0 0
171 1 0 0 0 0 0 0 0 0 0 0 0 0 0 0 0 0 0
177 1 0 0 0 0 0 0 0 0 0 0 0 0 0 0 0 0 0
178 1 0 0 0 0 0 0 0 0 0 0 1 0 0 0 0 0 0
181 1 0 0 0 0 0 0 0 0 0 0 0 0 0 0 0 0 0
197 0 0 0 0 0 0 0 1 0 0 0 0 0 0 1 0 0 0
198 0 0 0 0 0 0 0 0 0 0 0 0 0 0 0 0 1 0
200 1 0 0 0 0 0 0 0 0 0 0 0 0 0 0 0 0 0
201 1 0 0 0 0 0 0 0 1 0 0 0 0 0 0 0 0 0
203 0 0 0 0 0 0 0 0 0 0 0 1 0 0 0 0 0 0
207 0 0 0 0 0 0 0 1 0 0 0 0 0 0 0 0 0 0
211 1 0 0 0 0 0 0 0 0 0 0 0 0 0 0 0 0 0
219 1 0 0 0 0 0 0 0 0 0 0 0 0 0 0 0 0 0
229 0 0 0 0 0 0 1 0 0 0 0 0 0 0 0 0 0 0
233 1 0 0 0 0 0 0 0 0 0 0 0 0 0 0 0 0 0
239 0 0 0 0 0 0 0 1 0 0 0 0 0 0 0 0 0 0
250 1 0 0 0 0 0 0 0 0 0 0 0 0 0 0 0 0 0
251 0 0 0 0 0 0 0 0 1 0 0 0 0 0 0 0 0 0
253 1 0 0 0 0 0 0 0 0 0 0 0 0 0 0 0 0 0
260 1 0 0 0 0 0 0 0 0 0 0 0 0 0 0 0 0 0
262 1 0 0 0 0 0 0 0 0 0 0 0 0 0 0 0 0 0
263 1 0 0 0 0 0 0 0 0 0 0 0 0 0 0 0 0 0
264 0 0 0 0 0 0 0 1 0 0 0 0 0 0 0 0 0 0
265 1 0 0 0 0 0 0 0 0 0 0 0 0 0 1 0 0 0
269 1 0 0 0 0 0 0 0 1 0 0 0 0 0 0 0 0 0
273 1 0 0 0 0 0 0 0 0 0 0 0 0 0 0 0 0 0
274 1 0 0 0 0 0 0 0 1 0 0 0 0 0 0 0 0 0
278 1 0 0 0 0 0 0 0 0 0 0 0 0 0 0 0 0 0
291 1 0 0 0 0 0 0 0 0 0 0 0 0 0 0 0 0 0
295 0 0 1 0 0 0 0 0 0 0 0 0 0 0 0 0 0 0
306 0 0 0 0 0 1 0 0 0 0 0 0 0 0 0 0 0 0
310 1 0 0 0 0 0 0 0 0 0 0 0 0 0 0 0 0 0
312 1 0 0 0 0 0 0 0 1 0 0 0 1 0 0 0 0 0
313 1 0 0 0 0 0 0 0 0 0 0 0 0 0 1 0 0 0
314 1 0 0 0 0 0 0 0 0 0 0 0 0 0 0 0 0 0
315 0 0 0 0 0 0 0 0 1 0 0 0 0 0 0 0 0 0
316 0 0 0 0 0 0 0 0 1 0 0 0 0 0 0 0 0 0
317 0 0 0 0 0 0 0 1 0 0 0 0 0 0 0 0 0 0
320 1 0 0 0 0 0 0 0 0 0 0 0 0 0 1 0 0 0
323 1 0 0 0 0 0 0 0 0 0 0 0 0 0 0 0 0 0
324 0 0 0 0 0 0 0 0 0 0 1 0 0 0 0 0 0 0
331 0 0 0 0 0 0 0 0 0 0 0 0 0 0 0 0 1 0
332 1 0 0 0 0 0 1 0 0 0 0 0 0 0 0 0 0 0
337 1 0 0 0 0 0 0 0 0 0 0 0 0 0 0 0 0 0
342 1 0 0 0 0 0 0 0 0 0 0 0 0 0 0 0 0 0
345 1 0 0 0 0 0 0 0 0 0 0 0 0 0 0 0 0 0
346 0 0 0 0 0 0 0 0 1 0 0 0 0 0 0 0 0 0
347 0 0 0 0 0 0 0 1 0 0 0 0 0 0 0 0 0 0
348 1 0 0 0 0 0 0 0 0 0 0 0 0 0 0 0 0 0
349 1 0 0 0 0 0 0 0 0 0 0 0 0 0 0 0 0 0
352 1 0 0 0 0 0 0 0 0 0 0 0 1 0 0 0 0 0
354 1 0 0 0 0 0 0 0 0 0 0 0 0 0 0 0 0 0
355 1 0 0 0 1 0 0 0 0 0 0 0 1 0 1 0 0 0
358 1 0 0 0 0 0 0 0 0 0 0 0 0 0 0 0 0 0
364 1 0 0 0 0 0 0 0 0 0 0 0 0 0 0 0 0 0
375 1 0 0 0 0 0 0 0 0 0 0 0 0 0 0 0 0 0
384 1 0 0 0 0 0 0 0 0 0 0 0 0 0 0 0 0 0
385 0 0 0 0 0 0 0 0 1 0 0 0 0 0 0 0 0 0
387 0 0 0 0 0 0 0 0 0 0 0 0 0 0 1 0 0 0
397 1 0 0 0 0 0 0 0 0 0 0 0 0 0 0 0 0 0
401 0 0 0 0 0 0 0 1 0 0 0 0 0 0 0 0 0 0
402 1 0 0 0 0 0 0 0 0 0 0 0 0 0 0 0 0 0
403 1 0 0 0 0 0 0 0 0 0 0 0 0 0 0 0 0 0
405 0 0 0 0 0 0 0 1 0 0 0 0 0 0 0 0 0 0
408 1 0 0 0 0 0 0 0 0 0 0 0 0 0 0 0 0 0
411 1 0 0 0 0 0 0 0 0 0 0 0 0 0 0 0 0 0
418 1 0 0 0 0 0 0 0 0 0 0 0 0 0 0 0 0 0
420 0 0 0 0 0 0 0 1 0 0 0 0 0 0 0 0 0 0
421 0 0 0 0 0 0 0 1 0 0 0 0 0 0 0 0 0 0
435 0 0 0 0 0 0 0 0 1 0 0 0 0 0 0 0 0 0
436 1 0 0 0 0 0 0 0 0 0 0 0 0 0 0 0 0 0
441 0 0 0 0 0 0 0 0 0 0 0 1 0 0 0 0 0 0
442 1 0 0 0 0 0 0 0 0 0 0 0 0 0 0 0 0 0
443 0 0 0 0 0 0 0 1 0 0 0 0 0 0 0 0 0 0
444 1 0 0 0 0 0 0 0 1 0 0 0 0 0 1 0 0 0
445 0 0 0 0 0 0 0 0 0 0 0 1 1 0 0 0 0 0
449 1 0 0 0 0 0 0 0 0 0 0 0 0 0 0 0 0 0
450 1 0 0 0 0 0 0 0 0 0 0 0 0 0 0 0 0 0
453 1 0 0 0 0 0 0 0 1 0 0 0 0 0 0 0 0 0
458 1 0 0 0 0 0 0 0 0 0 0 0 0 0 1 0 0 0
462 0 0 0 0 0 0 0 1 0 0 1 0 0 0 0 0 0 0
463 1 0 0 0 0 0 0 0 0 0 0 1 0 0 0 0 0 0
464 1 0 0 0 0 0 0 0 0 0 0 0 0 0 0 0 0 0
477 0 0 0 0 0 0 0 0 1 0 0 0 0 0 0 0 0 0
483 0 0 0 0 0 0 0 0 1 0 0 0 0 0 0 0 0 0
486 1 0 0 0 0 0 0 0 0 0 0 0 0 0 0 0 0 0
489 0 1 0 0 0 1 0 0 0 0 0 0 0 0 0 0 0 0
492 1 0 0 0 0 0 0 0 0 0 0 0 0 0 0 0 0 0
497 1 0 0 0 0 0 0 0 0 0 0 0 0 0 0 0 0 0
500 0 0 0 0 0 0 0 0 1 0 0 0 0 0 0 0 0 0
501 1 0 0 0 0 0 0 0 0 0 0 0 0 0 0 0 0 0
502 0 0 0 0 0 0 0 1 0 0 0 0 0 0 0 0 0 0
503 1 0 0 0 0 0 0 0 0 0 0 0 0 0 0 0 0 0
504 1 0 0 0 0 0 0 0 0 0 0 0 0 0 0 0 0 0
506 1 0 0 0 0 0 0 0 0 0 0 0 0 0 0 0 0 0
512 1 0 0 0 0 0 0 0 0 0 0 1 0 0 0 0 0 0
514 0 0 0 0 0 0 0 1 0 0 0 0 0 0 0 0 0 0
520 1 0 0 0 0 0 0 0 0 0 0 1 0 0 0 0 0 0
523 0 0 0 0 0 0 0 0 1 0 0 0 0 0 0 0 0 0
524 1 0 0 0 0 0 0 0 0 0 0 0 0 0 0 0 0 0
525 1 0 0 0 0 0 0 0 0 0 0 0 0 0 0 0 0 0
529 1 0 0 0 0 0 0 0 0 0 0 0 0 0 0 0 0 0
531 0 0 0 0 0 0 1 0 0 0 0 0 0 0 0 0 0 0
532 1 0 0 0 0 0 0 1 0 0 1 0 0 0 0 0 0 0
533 1 0 0 0 0 0 0 0 0 0 0 0 0 0 0 0 0 0
536 0 0 0 0 0 0 0 0 1 0 0 0 0 0 0 0 0 0
537 1 0 0 0 0 0 0 0 0 0 0 0 0 0 0 0 0 0
539 0 0 0 0 0 0 0 0 1 0 0 0 0 0 0 0 0 0
540 0 0 0 0 0 0 0 0 1 0 0 0 0 0 0 0 0 0
541 0 0 0 0 0 0 0 1 0 0 0 0 0 0 0 0 0 0
544 0 0 0 0 0 0 0 0 0 0 0 0 0 0 1 0 0 0
546 1 0 0 0 0 0 0 0 0 0 0 0 0 0 0 0 0 0
547 0 0 0 0 0 0 0 1 0 0 0 0 0 0 0 0 0 0
548 1 0 0 0 0 0 0 0 0 0 0 0 0 0 0 0 0 0
549 0 0 0 0 0 0 0 0 1 0 0 0 0 0 0 0 0 0
550 1 0 0 0 0 0 0 0 0 0 0 0 0 0 0 0 0 0
554 1 0 0 0 0 0 0 0 1 0 0 0 0 0 0 0 0 0
555 0 1 0 0 0 1 0 0 1 0 0 0 0 0 0 0 0 0
558 1 0 0 0 0 0 0 0 0 0 0 1 1 0 0 0 0 0
560 1 0 0 0 0 0 0 0 1 0 0 0 0 0 0 0 0 0
561 1 0 0 0 0 0 0 0 0 0 0 0 0 0 1 0 0 0
562 1 0 0 0 0 0 0 0 0 0 0 0 0 0 0 0 0 0
563 0 0 0 0 1 0 0 0 0 0 0 0 0 0 0 0 0 0
564 1 0 0 0 0 0 0 0 0 0 0 0 0 0 0 0 0 0
569 0 0 0 0 1 0 0 0 0 0 0 0 0 0 0 0 0 0
574 1 0 0 0 0 0 0 0 0 0 0 0 0 0 0 0 0 0
576 1 0 0 0 0 0 0 0 0 0 0 0 0 0 0 0 0 0
577 1 0 0 0 0 0 0 0 0 0 0 0 0 0 0 0 0 0
581 0 0 0 0 0 0 0 0 1 0 0 0 0 0 0 0 0 0
582 0 0 0 0 0 0 1 0 0 0 0 0 0 0 0 0 0 0
584 1 0 0 0 0 0 0 0 0 0 0 0 0 0 0 0 0 0
586 1 0 0 0 0 0 0 0 0 0 0 0 0 0 0 0 0 0
589 0 0 0 0 0 0 0 0 1 0 0 0 0 0 0 0 0 0
596 1 0 0 0 0 0 0 0 0 0 0 0 0 0 0 0 0 0
610 0 0 0 0 0 0 0 0 1 0 0 0 0 0 0 0 0 0
613 1 0 0 0 0 0 0 0 0 0 0 0 1 0 0 0 0 0
614 0 0 0 0 0 0 0 1 0 0 0 0 0 0 0 0 0 0
616 1 0 0 0 0 0 0 0 0 0 0 0 0 0 0 0 0 0
622 1 0 0 0 0 1 0 0 1 0 0 1 1 0 0 0 0 0
626 1 0 0 0 0 0 0 0 1 0 0 0 1 0 1 0 0 0
627 0 1 0 0 0 1 0 0 0 0 0 0 0 0 0 0 0 0
631 1 0 0 0 0 0 0 0 1 0 0 0 0 0 0 0 0 0
636 0 0 0 0 0 0 0 1 0 0 0 0 0 0 0 0 0 0
638 1 0 0 0 0 0 0 0 0 0 0 1 1 0 0 0 0 0
640 0 0 0 0 0 0 0 0 0 0 0 0 0 0 1 0 0 0
641 0 0 0 0 0 0 0 0 1 0 0 0 0 0 0 0 0 0
643 1 0 0 0 0 0 0 0 0 0 0 0 0 0 0 0 0 0
644 1 0 0 0 0 0 0 0 0 0 0 0 0 0 1 0 0 0
649 1 0 0 0 0 0 0 0 0 0 0 0 0 0 0 0 0 0
664 1 0 0 0 0 0 0 0 0 0 0 1 0 0 0 0 0 0
667 1 0 0 0 0 0 0 0 0 0 0 0 0 0 0 0 0 0
671 1 0 0 0 0 0 0 0 0 0 0 0 1 0 1 0 0 0
672 1 0 0 0 0 0 0 0 0 0 0 0 0 0 0 0 0 0
673 0 0 0 0 0 0 0 1 0 0 0 0 0 0 0 0 0 0
676 1 0 0 0 0 0 0 0 0 0 0 0 0 0 0 0 0 0
677 1 0 0 0 0 0 0 0 0 0 0 0 1 0 0 0 0 0
679 1 0 0 0 0 0 0 0 0 0 0 0 0 0 0 0 0 0
681 0 0 0 0 0 0 1 0 0 0 0 0 0 0 0 0 0 0
683 0 1 0 0 0 0 0 0 0 0 0 0 0 0 0 0 0 0
686 0 0 0 0 0 0 0 0 1 0 0 0 0 0 0 0 0 0
694 1 0 0 0 0 0 0 0 0 0 0 1 0 0 0 0 0 0
700 1 0 0 0 0 0 0 0 1 0 0 0 0 0 1 1 0 0
703 1 0 0 0 0 0 0 0 0 0 0 0 0 0 0 0 0 0
713 1 0 0 0 0 0 0 0 0 0 0 0 0 0 0 0 0 0
716 0 0 0 0 0 0 0 0 1 0 0 0 0 0 0 0 0 0
717 1 0 0 0 0 0 0 0 0 0 0 0 1 0 0 0 0 0
719 1 0 0 0 0 0 0 0 0 0 0 0 0 0 0 0 0 0
721 1 0 0 0 0 0 0 0 1 0 0 0 0 0 0 0 0 0
724 1 0 0 0 0 0 0 0 0 0 0 0 0 0 0 0 0 0
725 0 0 0 0 0 0 0 0 0 0 0 0 0 0 1 0 0 0
727 1 0 0 0 0 0 0 0 0 0 0 0 0 0 1 0 0 0
728 1 0 0 0 0 0 0 0 0 0 0 0 0 0 1 0 0 0
730 1 0 0 0 0 0 0 0 0 0 0 0 0 0 0 0 0 0
732 1 0 0 0 0 0 0 0 0 0 0 0 0 0 0 0 0 0
734 0 0 0 0 0 0 0 0 0 0 1 0 0 0 0 0 0 0
735 1 0 0 0 0 0 0 0 0 0 0 0 0 0 0 0 0 0
738 1 0 0 0 0 0 0 0 0 0 0 0 0 0 0 0 0 0
739 1 0 0 0 0 0 1 0 1 0 0 0 0 0 0 0 0 0
741 1 0 0 0 0 0 0 0 0 0 0 0 0 0 1 0 0 0
742 0 0 0 0 0 0 0 1 0 0 0 0 0 0 0 0 0 0
744 1 0 0 0 0 0 0 0 0 0 0 0 0 0 0 0 0 0
753 0 0 0 0 0 0 0 1 0 0 0 0 0 0 1 0 0 0
754 1 0 0 0 0 0 0 0 0 0 0 0 0 0 0 0 0 0
755 0 0 0 0 0 0 0 0 1 0 0 0 0 0 0 0 0 0
756 1 0 0 0 0 0 0 0 0 0 0 0 0 0 0 0 0 0
760 0 0 0 0 0 0 0 0 1 0 0 0 0 0 0 0 0 0
768 1 0 0 0 0 0 0 0 0 0 0 0 0 0 0 0 0 0
770 0 1 0 0 0 1 0 0 0 0 0 0 0 0 0 0 0 0
771 0 0 0 0 1 0 0 0 0 0 0 0 0 0 0 0 0 0
773 0 0 0 0 0 0 0 1 0 0 0 0 0 0 0 0 0 0
783 1 0 0 0 1 0 0 0 1 0 0 0 0 0 1 0 0 0
789 0 0 0 0 0 0 1 0 0 0 0 0 0 0 0 0 0 0
791 1 0 0 0 0 0 0 0 0 0 0 0 0 0 0 0 0 0
798 0 0 0 0 0 1 0 0 0 0 0 0 0 0 0 0 0 0
799 0 0 0 0 0 0 1 0 0 0 0 0 0 0 0 0 0 0
800 0 0 0 0 0 0 0 0 1 0 0 0 0 0 0 0 0 0
801 1 0 0 0 0 0 0 0 0 0 0 0 0 0 0 0 0 0
802 0 0 0 0 0 0 0 0 0 0 1 0 0 0 0 0 0 0
803 1 0 0 0 0 0 0 0 1 0 0 0 0 0 0 0 0 0
807 1 0 0 0 0 0 0 0 0 0 0 0 0 0 0 0 0 0
809 1 0 0 0 0 0 0 0 1 0 0 0 0 0 0 0 0 0
811 1 0 0 0 0 0 0 0 0 0 0 0 0 0 0 0 0 0
817 1 0 0 0 0 0 0 0 0 0 0 0 0 0 0 0 0 0
821 1 0 0 0 0 0 0 0 0 0 0 0 0 0 0 0 0 0
824 1 0 0 0 0 0 0 0 0 0 0 0 0 0 1 0 0 0
825 0 0 0 0 0 0 0 1 0 0 0 0 0 0 0 0 0 0
827 1 0 0 0 0 0 0 0 0 0 0 0 0 0 0 0 0 0
837 1 0 0 0 0 0 0 0 1 0 0 0 0 0 0 0 0 0
842 1 0 0 0 0 0 0 0 0 0 0 0 0 0 0 0 0 0
845 1 0 0 0 0 0 0 0 1 0 0 1 0 0 0 0 0 0
848 1 0 0 0 0 0 0 0 0 0 0 0 0 0 1 0 0 0
849 1 0 0 0 0 0 0 0 0 0 0 0 0 0 1 1 0 0
851 1 0 0 0 0 0 0 0 0 0 0 0 0 0 0 0 0 0
852 0 0 0 0 0 0 0 0 1 0 0 0 0 0 0 0 0 0
853 1 0 0 0 0 0 0 0 0 0 0 0 0 0 0 0 0 0
857 1 0 0 0 0 0 0 0 0 0 0 0 1 0 0 0 0 0
858 1 0 0 0 0 0 0 0 0 0 0 0 0 0 0 0 0 0
859 0 0 0 0 0 0 0 1 0 0 0 0 0 0 0 0 0 0
862 1 0 0 0 0 0 0 0 0 0 0 0 0 0 0 0 0 0
863 0 0 0 1 0 0 0 0 0 0 0 0 0 0 1 1 0 0
864 1 0 0 0 0 0 0 0 0 0 0 0 0 0 1 0 0 0
865 1 0 0 0 0 0 0 0 0 0 0 0 0 0 0 0 0 0
867 1 0 0 0 0 0 0 0 0 0 0 0 0 0 0 0 0 0
870 1 0 0 0 0 0 0 0 0 0 0 0 0 0 0 0 0 0
871 1 0 0 0 0 0 0 0 0 0 0 0 1 0 1 0 0 0
874 1 0 0 0 0 0 0 0 1 0 0 0 0 0 0 0 0 0
875 1 0 0 0 0 0 0 0 0 0 0 0 0 0 0 0 0 0
876 1 0 0 0 0 0 0 0 0 0 0 0 0 0 0 0 0 0
879 1 0 0 0 0 0 0 0 0 0 0 0 0 0 0 0 0 0
882 1 0 0 0 0 0 0 0 1 0 0 0 0 0 0 0 0 0
885 1 0 0 0 0 0 0 0 0 0 0 0 0 0 1 0 0 0
887 1 0 0 0 0 0 0 0 0 0 0 0 0 0 0 0 0 0
888 0 0 0 0 0 0 0 1 0 0 0 0 0 0 0 0 0 0
896 0 0 0 0 0 0 0 1 0 0 0 0 0 0 0 0 0 0
899 0 0 0 0 0 0 0 1 0 0 0 0 0 0 0 0 0 0
901 1 0 0 0 0 0 0 0 0 0 0 0 0 0 0 0 0 0
905 1 0 0 0 0 0 0 0 0 0 0 0 0 0 0 0 0 0
906 0 0 0 0 0 0 0 0 1 0 0 0 0 0 1 0 0 0
921 1 0 0 0 0 0 0 0 0 0 0 0 0 0 1 0 0 0
922 1 0 0 0 0 0 0 0 0 0 0 0 0 0 0 0 0 0
926 0 0 0 0 0 0 0 1 0 0 0 0 0 0 0 0 0 0
935 1 0 0 0 0 0 0 0 0 0 0 0 0 0 0 0 0 0
938 1 0 0 0 0 0 0 0 0 0 0 1 0 0 0 0 0 0
939 1 0 0 0 0 0 0 0 0 0 0 0 0 0 0 0 0 0
941 0 0 0 0 0 0 1 0 0 0 0 0 0 0 0 0 0 0
943 0 0 0 0 0 0 0 0 1 0 0 0 0 0 0 0 0 0
960 0 0 0 0 0 0 0 1 0 0 0 0 0 0 0 0 0 0
970 0 0 0 0 0 0 0 1 0 0 1 0 0 0 0 0 0 0
973 0 1 0 0 0 0 0 0 1 0 0 0 0 0 1 0 0 0
974 1 0 0 0 0 0 0 0 0 0 0 0 0 0 0 0 0 0
975 1 0 0 0 0 0 0 0 1 0 0 0 0 0 0 0 0 0
976 0 0 0 0 0 0 0 0 1 0 0 0 0 0 0 0 0 0
977 0 0 0 0 0 0 0 1 0 0 1 0 0 0 0 0 0 0
980 0 0 0 0 0 0 0 1 0 0 0 0 0 0 0 0 0 0
987 1 0 0 0 0 0 0 0 0 0 0 1 0 0 0 0 0 0
988 1 0 0 0 0 0 0 0 0 0 0 0 0 0 0 0 0 0
990 0 0 0 0 0 0 0 1 0 0 0 0 0 0 0 0 0 0
991 1 0 0 0 0 0 0 0 0 0 0 0 0 0 0 0 0 0
993 1 0 0 0 0 0 0 0 0 0 0 0 0 0 1 0 0 0
994 0 0 0 0 0 0 0 0 0 0 0 0 0 0 0 1 0 0
997 0 0 0 0 0 0 0 0 1 0 0 0 0 0 0 0 0 0
998 0 0 0 0 0 0 0 0 0 0 0 0 0 0 0 0 1 0
1000 0 0 0 0 0 0 0 0 1 0 0 0 0 0 0 0 0 0
1001 0 0 0 0 0 0 0 0 0 0 0 0 0 1 0 0 0 0
1002 0 0 0 0 0 1 0 0 0 0 0 0 0 0 0 0 0 0
1003 0 0 0 0 0 0 0 0 1 0 0 0 0 0 0 0 0 0
1005 1 0 0 0 0 0 0 1 0 0 0 0 0 0 0 0 0 0
1006 1 0 0 0 0 0 0 0 0 0 0 0 0 0 0 0 0 0
1007 1 0 0 0 0 0 0 0 0 0 0 0 1 0 0 0 0 0
1008 1 0 0 0 0 0 0 0 0 0 0 0 0 0 0 0 0 0
1010 1 0 0 0 0 0 0 0 0 0 0 0 0 0 0 0 0 0
1011 1 0 0 0 0 0 0 0 0 0 0 0 0 0 0 0 0 0
1012 0 0 0 0 0 0 0 0 1 0 0 0 0 0 0 0 0 0
1014 1 0 0 0 0 0 1 0 0 0 0 0 0 0 0 0 0 0
1016 1 0 0 0 0 0 0 0 0 0 0 0 0 0 1 0 0 0
1018 1 0 0 0 0 0 0 0 0 0 0 0 0 0 0 0 0 0
1019 0 0 0 0 0 0 0 0 1 0 0 0 0 0 0 0 0 0
1021 1 0 0 0 0 0 0 0 0 0 0 0 0 0 0 0 0 0
1024 1 0 0 0 0 0 0 0 0 0 0 0 0 0 1 0 0 0
1030 1 0 0 0 0 0 0 0 0 0 0 0 0 0 0 0 0 0
1034 0 0 0 0 0 0 0 1 0 0 0 0 0 0 0 0 0 0
1035 0 0 0 0 0 0 0 1 0 0 0 0 0 0 0 0 0 0
1039 0 0 0 0 0 0 0 1 0 0 0 0 0 0 0 0 0 0
1040 0 0 0 0 0 0 0 1 0 0 0 0 0 0 0 0 0 0
1042 1 0 0 0 0 0 0 0 1 0 0 0 1 0 0 0 0 0
1044 1 0 0 0 0 0 0 0 0 0 0 0 0 0 0 0 0 0
1045 1 0 0 0 0 0 0 0 0 0 0 0 0 0 0 0 0 0
1048 1 0 0 0 0 0 0 0 0 0 0 0 0 0 1 0 0 0
1051 1 0 0 0 0 0 0 0 1 0 0 0 0 0 1 0 0 0
1052 0 1 0 0 0 0 0 0 0 0 0 0 0 0 0 0 0 0
1061 1 1 0 0 1 0 0 1 1 0 0 0 1 0 1 0 0 0
1064 1 0 0 0 0 0 0 0 0 0 0 0 0 0 0 0 0 0
1065 1 0 0 0 0 0 0 0 0 0 0 0 0 0 0 0 0 0
1066 1 0 0 0 0 0 0 0 0 0 0 0 0 0 0 0 0 0
1067 1 0 0 0 0 0 0 0 0 0 0 0 0 0 1 0 0 0
1068 1 0 0 0 0 0 0 0 0 0 0 0 0 0 0 0 0 0
1072 0 0 0 0 0 0 0 0 1 0 0 0 0 0 0 0 0 0
1076 1 0 0 0 0 0 0 0 0 0 0 0 0 0 0 0 0 0
1089 1 0 0 0 0 0 0 0 0 0 0 0 0 0 0 0 0 0
1090 0 0 0 0 0 0 0 1 0 0 0 0 0 0 0 0 0 0
1091 0 1 0 0 0 1 0 0 0 0 0 0 0 0 0 0 0 0
1094 0 1 0 0 0 1 0 0 0 0 0 0 0 0 0 0 0 0
1095 1 0 0 0 0 0 0 0 0 0 0 0 0 0 0 0 0 0
1096 0 0 0 0 0 0 0 1 0 0 0 0 0 0 0 0 0 0
1097 1 0 0 0 0 0 0 0 0 0 0 0 0 0 0 0 0 0
1098 1 0 0 0 0 0 0 0 0 0 0 1 0 0 0 0 0 0
1100 0 0 0 0 0 0 0 0 0 0 1 0 0 0 0 0 0 0
1101 1 0 0 0 0 0 0 0 0 0 0 0 0 0 0 0 0 0
1102 1 0 0 0 0 0 0 0 0 0 0 0 0 0 1 0 0 0
1107 1 0 0 0 0 0 0 0 0 0 0 0 0 0 0 0 0 0
1112 1 0 0 0 0 0 0 0 0 0 0 0 0 0 0 0 0 0
1113 1 0 0 0 0 0 0 0 0 0 0 0 1 0 0 0 0 0
1114 0 1 0 0 0 1 0 0 0 0 0 0 0 0 0 0 0 0
1116 0 0 0 0 1 0 0 0 0 0 0 0 0 0 0 0 0 0
1121 1 0 0 0 0 0 0 0 0 0 0 0 0 0 0 0 0 0
1124 0 0 0 0 0 0 0 0 1 0 0 0 0 0 0 0 0 0
1125 0 1 0 0 0 1 0 0 1 0 0 0 0 0 0 0 0 0
1126 0 0 0 0 0 0 0 0 1 0 0 0 0 0 0 0 0 0
1128 1 0 0 0 0 0 0 0 0 0 0 0 0 0 0 0 0 0
1129 0 0 0 0 0 0 0 0 1 0 0 0 0 0 0 0 0 0
1133 0 0 0 0 0 0 0 1 0 0 0 0 0 0 0 0 0 0
1134 1 0 0 0 0 0 0 0 0 0 0 0 0 0 0 0 0 0
1137 1 0 0 0 0 0 0 0 0 0 0 0 0 0 0 0 0 0
1144 1 0 0 0 0 0 0 0 0 0 0 0 0 0 0 0 0 0
1145 1 0 0 0 0 0 0 0 0 0 0 1 0 0 0 0 0 0
1146 0 1 0 0 0 1 0 0 0 0 0 0 0 0 0 0 0 0
1149 1 0 0 0 0 0 0 0 0 0 0 0 0 0 0 0 0 0
1150 1 0 0 0 0 0 0 0 0 0 0 0 0 0 0 0 0 0
1152 1 0 0 0 0 0 0 0 0 0 0 0 0 0 0 0 0 0
1153 1 0 0 0 0 0 0 0 0 0 0 0 0 0 0 0 0 0
1155 1 0 0 0 0 0 0 0 0 0 0 0 0 0 0 0 0 0
1156 1 0 0 0 0 0 1 0 0 0 0 0 0 0 0 0 0 0
1157 0 0 0 0 0 0 0 1 0 0 0 0 0 0 0 0 0 0
1158 0 0 0 1 0 0 0 0 0 0 0 0 0 0 0 0 0 0
1173 1 0 0 0 0 0 0 0 1 0 0 0 0 0 0 0 0 0
1174 1 0 0 0 0 0 0 0 0 0 0 0 0 0 0 0 0 0
1179 1 0 0 0 0 0 0 0 0 0 0 0 0 0 0 0 0 0
1189 0 0 0 0 0 0 0 0 1 0 0 0 0 0 0 0 0 0
1191 1 0 0 0 0 0 0 0 0 0 0 0 0 0 0 0 0 0
1192 0 0 0 0 0 0 0 1 0 0 0 0 0 0 0 0 0 0
1196 0 0 0 0 1 0 0 0 0 0 0 0 1 0 0 0 0 0
1198 0 1 0 0 0 1 0 0 0 0 0 0 0 0 0 0 0 0
1200 1 0 0 0 0 0 0 0 0 0 0 0 0 0 1 0 0 0
1207 1 0 0 0 0 0 0 0 0 0 0 0 0 0 1 0 0 0
1210 0 0 0 0 0 0 0 1 0 0 0 0 0 0 1 0 0 0
1218 1 0 0 0 0 0 0 0 0 0 0 0 0 0 0 0 0 0
1219 0 0 0 0 0 0 0 0 1 0 0 0 0 0 0 0 0 0
1220 1 0 0 0 0 0 0 0 0 0 0 0 0 0 0 0 0 0
1230 0 0 0 0 0 0 0 0 0 0 1 0 0 0 1 0 0 0
1231 0 0 0 0 0 0 0 0 0 0 1 0 0 0 0 0 0 0
1232 1 0 0 0 0 0 0 0 0 0 0 0 0 0 0 0 0 0
1233 1 0 0 0 0 0 0 0 0 0 0 0 0 0 0 0 0 0
1234 0 0 0 0 1 0 0 0 1 0 0 0 0 0 0 0 0 0
1235 1 0 0 0 0 0 0 0 0 0 0 0 0 0 0 0 0 0
1238 0 0 0 0 0 0 0 1 0 0 0 0 0 0 0 0 0 0
1239 0 0 0 0 0 0 0 0 1 0 0 0 0 0 0 0 0 0
1240 1 0 0 0 0 0 0 0 0 0 0 0 0 0 1 0 0 0
1243 0 0 0 0 0 0 0 0 0 0 0 0 0 0 0 0 0 1
1244 1 0 0 0 0 0 0 0 0 0 0 0 0 0 0 0 0 0
1247 1 0 0 0 0 0 0 0 0 0 0 0 0 0 0 0 0 0
1256 1 0 0 0 0 0 0 0 0 0 0 0 0 0 0 0 0 0
1260 1 0 0 0 0 0 0 0 1 0 0 0 0 0 0 0 0 0
1262 1 0 0 0 0 0 0 0 0 0 0 0 0 0 0 0 0 0
1263 1 0 0 0 0 0 0 0 0 0 0 0 0 0 0 0 0 0
1264 1 0 0 0 0 0 0 0 0 0 0 0 0 0 0 0 0 0
1269 1 0 0 0 0 0 0 0 0 0 0 0 0 0 0 0 0 0
1270 1 0 0 0 0 0 0 0 0 0 0 0 0 0 0 0 0 0
1276 0 0 0 0 0 0 0 1 0 0 0 0 0 0 0 0 0 0
1277 1 0 0 0 0 0 0 0 0 0 0 0 0 0 0 0 0 0
1278 1 0 0 0 0 0 0 0 0 0 0 1 0 0 0 0 0 0
1279 0 1 0 0 0 1 0 0 0 0 0 0 0 0 0 0 0 0
1280 1 0 0 0 0 0 0 0 0 0 0 0 0 0 0 0 0 0
1282 0 0 0 0 0 1 0 0 0 0 0 0 0 0 0 0 0 0
1287 1 0 0 0 0 0 0 0 1 0 0 0 0 0 0 0 0 0
1289 1 0 0 0 0 0 0 0 0 0 0 0 0 0 0 0 0 0
1290 1 0 0 0 0 0 0 0 0 0 0 0 0 0 0 0 0 0
1291 1 0 0 0 0 0 0 0 0 0 0 0 0 0 0 0 0 0
1293 1 0 0 0 0 0 0 0 1 0 0 0 0 0 1 0 0 0
1303 1 0 0 0 0 0 0 0 0 0 0 0 0 0 1 0 0 0
1310 1 0 0 0 0 0 0 0 0 0 0 0 1 0 0 0 0 0
1311 0 0 0 0 0 0 0 1 0 0 0 0 0 0 0 0 0 0
1315 1 0 0 0 0 0 0 0 0 0 0 0 0 0 0 0 0 0
1316 1 0 0 0 0 0 0 0 0 0 0 0 0 0 0 0 0 0
1320 0 0 0 0 0 0 0 0 1 0 0 0 0 0 0 0 0 0
1322 0 0 0 0 0 0 0 0 0 0 0 1 1 0 0 0 0 0
1323 1 0 0 0 0 0 0 0 0 0 0 0 0 0 0 0 0 0
1324 1 0 0 0 0 0 0 0 0 0 0 0 0 0 0 0 0 0
1329 1 0 0 0 0 0 0 0 0 0 0 0 1 0 1 0 0 0
1331 1 0 0 0 0 0 0 0 1 0 0 0 0 0 0 0 0 0
1332 1 0 0 0 0 0 0 0 0 0 0 0 0 0 0 0 0 0
1333 0 0 0 0 0 0 0 1 0 0 0 0 0 0 0 0 0 0
1334 0 0 0 0 0 0 0 1 0 0 0 0 0 0 0 0 0 0
1335 0 0 0 0 0 0 0 0 1 0 0 0 0 0 0 0 0 0
1338 1 0 0 0 0 0 0 0 0 0 0 0 0 0 0 0 0 0
1339 0 0 0 0 0 0 0 1 0 0 0 0 0 0 0 0 0 0
1340 0 0 0 0 0 1 0 0 0 0 0 0 0 0 0 0 0 0
1344 0 0 0 0 0 0 0 1 0 0 0 0 0 0 0 0 0 0
1348 0 0 0 0 0 0 0 0 1 0 0 0 0 0 0 0 0 0
1352 0 0 0 0 0 0 0 1 0 0 0 0 0 0 0 0 0 0
1354 0 0 0 0 0 0 0 0 1 0 0 0 0 0 0 0 0 0
1356 0 0 0 0 0 0 0 0 1 0 0 0 0 0 0 0 0 0
1358 1 0 0 0 0 0 0 0 1 0 0 0 0 0 0 0 0 0
1359 1 0 0 0 0 0 0 0 0 0 0 0 0 0 0 0 0 0
1366 1 0 0 0 0 0 0 0 0 0 0 0 0 0 1 0 0 0
1375 0 0 0 0 0 0 0 1 0 0 0 0 0 0 0 0 0 0
1376 1 0 0 0 0 0 0 0 0 0 0 0 0 0 1 0 0 0
1381 0 0 0 0 0 0 0 0 0 0 0 0 0 0 0 0 0 1
1383 1 0 0 0 0 0 0 0 0 0 0 1 0 0 0 0 0 0
1396 0 0 0 0 1 0 0 0 0 0 0 0 0 0 0 0 0 0
1398 0 0 0 0 0 0 0 0 0 0 0 1 0 0 0 0 0 0
1400 0 0 0 0 1 0 0 0 0 0 0 0 0 0 0 0 0 0
1406 1 0 0 0 0 0 0 0 0 0 0 0 0 0 1 0 0 0
1408 1 0 0 0 0 0 0 0 0 0 0 0 0 0 0 0 0 0
1409 1 0 0 0 0 0 0 0 0 0 0 0 0 0 0 0 0 0
1410 1 0 0 0 0 0 0 0 0 0 0 0 0 0 0 0 0 0
1413 1 0 0 0 0 0 0 0 1 0 0 0 0 0 0 0 0 0
1414 0 0 0 0 0 0 0 1 0 0 1 0 0 0 1 0 0 0
1417 0 0 0 0 0 0 0 1 0 0 0 0 0 0 0 0 0 0
1418 1 0 0 0 0 0 0 0 0 0 0 0 0 0 0 0 0 0
1421 1 0 0 0 0 0 0 0 0 0 0 0 0 0 1 0 0 0
1424 0 0 0 0 0 1 0 0 0 0 0 0 0 0 0 0 0 0
1425 1 0 0 0 0 0 0 0 0 0 0 0 0 0 1 0 0 0
1429 0 0 0 0 0 0 0 1 0 0 0 0 0 0 0 0 0 0
1432 1 0 0 0 0 0 0 0 0 0 0 0 0 0 0 0 0 0
1433 0 0 0 0 0 0 0 0 1 0 0 0 0 0 0 0 0 0
1434 1 0 0 0 0 0 0 0 0 0 0 1 0 0 0 0 0 0
1437 1 0 0 0 0 0 0 0 0 0 0 0 0 0 1 0 0 0
1439 0 0 0 0 0 0 0 1 0 0 0 0 0 0 0 0 0 0
1441 1 0 0 0 0 0 0 0 0 0 0 0 0 0 0 0 0 0
1445 1 0 0 0 0 0 0 0 0 0 0 0 0 0 0 0 0 0
1448 1 0 0 0 0 0 0 0 0 0 0 0 0 0 0 0 0 0
1454 1 0 0 0 0 0 0 1 1 0 0 0 0 0 1 0 0 0
1457 1 0 0 0 0 0 0 0 1 0 0 0 0 0 0 0 0 0
1458 1 0 0 0 0 0 0 0 0 0 0 0 0 0 1 0 0 0
1459 1 0 0 0 0 0 0 0 0 0 0 0 0 0 0 0 0 0
1462 0 0 0 0 0 0 0 0 1 0 0 0 0 0 0 0 0 0
1465 0 0 0 0 0 0 0 0 0 0 0 1 1 0 0 0 0 0
1468 1 0 0 0 0 0 0 0 0 0 0 0 0 0 0 0 0 0
1470 1 0 0 0 0 0 0 0 0 0 0 0 0 0 0 0 0 0
1472 1 0 0 0 0 0 0 0 0 0 0 0 0 0 0 0 0 0
1473 0 0 0 0 0 0 0 0 1 0 0 0 0 0 0 0 0 0
1475 1 0 0 0 0 0 0 1 0 0 1 1 0 0 1 0 0 0
1478 1 0 0 0 0 0 0 0 1 0 0 0 0 0 0 0 0 0
1483 0 0 0 0 0 0 0 0 1 0 0 0 0 0 0 0 0 0
1488 1 0 0 0 0 0 0 0 0 0 0 0 0 0 0 0 0 0
1490 1 0 0 0 0 0 0 0 0 0 0 0 0 0 0 0 0 0
1491 1 0 0 0 0 0 0 0 0 0 0 0 0 0 0 0 0 0
1492 0 0 0 0 0 0 0 1 0 0 0 0 0 0 0 0 0 0
1493 1 0 0 0 0 0 0 0 0 0 0 0 0 0 0 0 0 0
1494 1 0 0 0 0 0 0 0 0 0 0 1 0 0 0 0 0 0
1501 0 0 0 0 0 0 1 0 0 0 0 0 0 0 0 0 0 0
1502 1 0 0 0 0 0 0 0 0 0 0 0 0 0 0 0 0 0
1504 0 0 0 0 0 0 0 1 0 0 0 0 0 0 0 0 0 0
1506 1 0 0 0 0 0 0 0 0 0 0 0 0 0 0 0 0 0
1511 0 0 0 0 0 0 0 0 1 0 0 0 0 0 0 0 0 0
1513 0 0 0 0 1 0 0 0 0 0 0 0 0 0 0 0 0 0
1518 1 0 0 0 0 0 0 0 0 0 0 0 0 0 0 0 0 0
1527 0 0 0 0 0 0 0 0 1 0 0 0 0 0 0 0 0 0
1529 0 0 0 0 0 0 0 1 0 0 0 0 0 0 0 0 0 0
1530 1 0 0 0 0 0 0 0 0 0 0 0 0 0 0 0 0 0
1532 0 0 0 0 0 0 0 1 0 0 0 0 0 0 0 0 0 0
1536 1 0 0 0 0 0 0 0 0 0 0 0 0 0 0 0 0 0
1537 1 0 0 0 0 0 0 0 0 0 0 0 0 0 0 0 0 0
1538 0 0 0 0 0 0 0 1 0 0 0 0 0 0 0 0 0 0
1540 0 1 0 0 0 1 0 0 0 0 0 0 0 0 0 0 0 0
1541 1 0 0 0 0 0 0 0 0 0 0 0 0 0 0 0 0 0
1543 1 0 0 0 0 0 0 0 0 0 0 0 0 0 0 0 0 0
1547 0 0 0 0 0 0 0 0 1 0 0 0 0 0 0 0 0 0
1549 1 0 0 0 0 0 0 0 0 0 0 0 0 0 0 0 0 0
1550 0 0 0 0 0 0 0 0 1 0 0 0 0 0 0 0 0 0
1554 0 0 0 0 0 0 0 1 0 0 0 0 0 0 0 0 0 0
1556 1 0 0 0 0 0 0 0 0 0 0 0 0 0 1 0 0 0
1563 0 0 0 0 0 0 0 0 1 0 0 0 0 0 0 0 0 0
1567 0 1 0 0 0 1 0 0 0 0 0 0 0 0 0 0 0 0
1578 0 0 0 0 0 0 0 0 1 0 0 0 0 0 1 0 0 0
1579 1 0 0 0 0 0 0 0 0 0 0 0 0 0 0 0 0 0
1580 0 0 0 0 0 0 0 0 1 0 0 0 0 0 0 0 0 0
1583 1 0 0 0 0 0 0 0 0 0 0 0 0 0 0 0 0 0
1585 0 0 0 0 0 1 0 0 1 0 0 0 0 0 0 0 0 0
1587 1 0 0 0 0 0 0 0 0 0 0 1 0 0 0 0 0 0
1588 0 0 0 0 0 0 0 0 0 0 0 0 0 0 1 0 0 0
1592 1 0 0 0 0 0 0 0 0 0 0 0 1 0 1 0 0 0
1595 1 0 0 0 0 0 0 0 1 0 0 0 0 0 0 0 0 0
1604 1 0 0 0 0 0 0 0 0 0 0 0 0 0 0 0 0 0
1610 0 0 0 0 0 0 0 1 0 0 0 0 0 0 0 0 0 0
1616 1 0 0 0 0 0 0 0 0 0 0 0 0 0 0 0 0 0
1617 1 0 0 0 0 0 0 0 0 0 0 0 0 0 0 0 0 0
1620 0 0 0 0 0 0 0 0 1 0 0 0 0 0 0 0 0 0
1622 0 0 0 0 1 0 0 0 0 0 0 0 0 0 0 0 0 0
1623 1 0 0 0 0 0 0 0 0 0 0 0 0 0 0 0 0 0
1625 0 0 0 0 0 0 0 0 1 0 0 0 0 0 0 0 0 0
1626 0 0 0 0 0 0 0 1 0 0 0 0 0 0 0 0 0 0
1629 0 0 0 0 0 0 0 0 1 0 0 0 0 0 0 0 0 0
1632 1 0 0 0 0 0 1 0 0 0 0 0 0 0 0 0 0 0
1633 1 0 0 0 0 0 0 0 0 0 0 0 0 0 0 0 0 0
1634 1 0 0 0 0 0 0 0 0 0 0 0 0 0 1 0 0 0
1637 1 0 0 0 0 0 0 0 0 0 0 0 0 0 1 0 0 0
1638 0 1 0 0 0 0 0 0 0 0 0 0 0 0 0 0 0 0
1640 1 0 0 0 0 0 0 0 0 0 0 0 0 0 0 0 0 0
1642 0 0 0 0 0 0 0 1 0 0 0 0 0 0 0 0 0 0
1645 1 0 0 0 0 0 0 0 0 0 0 0 0 0 0 0 0 0
1646 0 0 0 0 0 0 0 0 0 0 0 1 1 0 0 0 0 0
1648 1 0 0 0 0 0 0 0 0 0 0 0 0 0 0 0 0 0
1649 1 0 0 0 0 0 0 0 0 0 0 0 0 0 0 0 0 0
1652 1 0 0 0 0 0 0 0 0 0 0 0 0 0 1 0 0 0
1654 1 0 0 0 0 0 0 0 0 0 0 0 0 0 0 0 0 0
1656 0 0 0 0 0 0 0 1 0 0 0 0 0 0 0 0 0 0
1657 0 0 1 0 0 0 0 0 0 0 0 0 0 0 0 0 0 0
1662 0 0 0 0 0 0 0 0 0 0 1 0 0 0 0 0 0 0
1669 1 0 0 0 0 0 0 0 0 0 0 0 0 0 0 0 0 0
1670 0 0 0 0 0 0 0 0 1 0 0 0 0 0 0 0 0 0
1672 0 0 0 0 0 0 0 0 1 0 0 0 0 0 0 0 0 0
1676 0 0 0 0 0 0 0 1 0 0 0 0 0 0 0 0 0 0
1680 1 0 0 0 0 0 0 0 1 0 0 0 0 0 0 0 0 0
1682 1 0 0 0 1 0 0 0 0 0 0 0 0 0 1 0 0 0
1683 1 0 0 0 0 0 0 0 0 0 0 0 0 0 0 0 0 0
1684 1 0 0 0 0 0 0 0 0 0 0 0 0 0 0 0 0 0
1686 0 0 1 0 0 0 0 0 0 0 0 0 0 0 0 0 0 0
1687 0 0 0 0 0 0 0 0 1 0 0 0 0 0 0 0 0 0
1690 1 0 0 0 0 0 0 0 0 0 0 0 0 0 0 0 0 0
1691 0 0 0 0 0 0 0 1 0 0 1 0 0 0 1 0 0 0
1695 0 0 0 0 0 0 0 1 0 0 0 0 0 0 0 0 0 0
1696 0 0 0 0 0 0 0 1 0 0 0 1 0 0 1 0 0 0
1699 0 0 0 0 0 0 1 0 0 0 0 0 0 0 0 0 0 0
1702 1 0 0 0 0 0 0 0 0 0 0 0 0 0 0 0 0 0
1703 1 0 0 0 0 0 0 0 0 0 0 0 0 0 0 0 0 0
1704 0 0 0 0 0 0 0 1 0 0 0 0 0 0 0 0 0 0
1705 1 0 0 0 0 0 0 0 0 0 0 0 0 0 0 0 0 0
1706 1 0 0 0 0 0 0 0 1 0 0 0 0 0 1 0 0 0
1707 1 0 0 0 0 0 0 0 0 0 0 0 0 0 0 0 0 0
1708 1 0 0 0 0 0 0 0 0 0 0 0 0 0 0 0 0 0
1712 0 1 0 0 0 1 0 0 0 0 0 0 0 0 0 0 0 0
1722 1 0 0 0 0 0 0 0 1 0 0 1 1 0 1 0 0 0
1723 1 0 0 0 0 0 0 0 0 0 0 0 0 0 0 0 0 0
1725 1 0 0 0 0 0 1 0 0 0 0 0 0 0 0 0 0 0
1729 1 0 0 0 0 0 0 0 0 0 0 0 0 0 0 0 0 0
1730 0 0 0 0 0 0 0 1 0 0 0 0 0 0 0 0 0 0
1734 1 0 0 0 0 0 0 0 0 0 0 0 0 0 0 0 0 0
1737 0 0 0 0 0 0 0 0 0 0 0 1 1 0 0 0 0 0
1742 1 0 0 0 0 0 0 0 0 0 0 0 0 0 1 0 0 0
1748 1 0 0 0 0 0 0 0 0 0 0 0 0 0 1 0 0 0
1749 0 0 0 0 0 0 0 0 1 0 0 0 0 0 0 0 0 0
1750 0 1 0 0 0 1 0 0 0 0 0 0 0 0 0 0 0 0
1752 1 0 0 0 0 0 0 0 0 0 0 0 0 0 0 0 0 0
1758 1 0 0 0 0 0 0 0 0 0 0 0 0 0 0 0 0 0
1761 1 0 0 0 0 0 0 0 0 0 0 0 0 0 0 0 0 0
1765 1 0 0 0 0 0 0 0 0 0 0 0 0 0 0 0 0 0
1766 1 0 0 0 0 0 0 0 0 0 0 0 0 0 0 0 0 0
1768 1 0 0 0 0 0 0 0 0 0 0 0 0 0 0 0 0 0
1769 1 0 0 0 0 0 0 0 0 0 0 0 0 0 0 0 0 0
1774 0 1 0 0 0 0 0 0 0 0 0 0 0 0 0 0 0 0
1778 0 0 0 0 0 0 0 1 0 0 0 0 0 0 1 0 0 0
1781 0 0 1 0 0 0 0 0 0 0 0 0 0 0 0 0 0 0
1782 0 0 0 0 0 0 0 1 0 0 0 0 0 0 0 0 0 0
1785 1 0 0 0 1 0 0 0 0 0 0 0 0 0 0 0 0 0
1786 0 0 0 0 0 0 0 1 0 0 0 0 0 0 1 0 0 0
1788 1 0 0 0 0 0 0 0 0 0 0 0 0 0 0 0 0 0
1789 1 0 0 0 0 0 0 0 0 0 0 0 0 0 0 0 0 0
1790 0 0 0 0 0 0 0 0 1 0 0 0 0 0 0 0 0 0
1795 0 0 0 0 0 0 0 0 1 0 0 0 0 0 0 0 0 0
1796 0 0 0 0 0 0 0 0 1 0 0 0 0 0 0 0 0 0
1797 0 0 0 0 0 0 0 0 1 0 0 0 0 0 0 0 0 0
1799 0 0 0 0 0 0 0 1 0 0 0 0 0 0 1 0 0 0
1801 1 0 0 0 0 0 0 0 0 0 0 0 0 0 0 0 0 0
1803 1 0 0 0 0 0 1 0 0 0 0 0 0 0 0 0 0 0
1806 1 0 0 0 0 0 0 0 0 0 0 0 0 0 1 0 0 0
1807 0 0 0 0 0 1 0 0 0 0 0 0 0 0 0 0 0 0
1808 1 0 0 0 0 0 0 0 0 0 0 0 0 0 0 0 0 0
1810 0 0 0 0 0 0 0 0 0 0 0 0 0 0 0 1 0 0
1811 0 0 0 0 0 0 0 1 0 0 0 0 0 0 0 0 0 0
1814 0 0 0 0 0 0 0 0 1 0 0 0 0 0 0 0 0 0
1815 0 0 0 0 0 0 0 0 0 0 0 0 0 0 1 0 0 0
1818 1 0 0 0 0 0 0 0 0 0 0 0 0 0 0 0 0 0
1825 0 0 0 0 0 0 0 1 0 0 0 0 0 0 0 0 0 0
1827 0 0 0 0 0 0 0 1 0 0 0 0 0 0 0 0 0 0
1828 0 1 0 0 0 1 0 0 1 0 0 0 0 0 0 0 0 0
1829 1 0 0 0 0 0 0 0 0 0 0 0 0 0 0 0 0 0
1834 1 0 0 0 0 0 0 0 0 0 0 0 0 0 0 0 0 0
1839 1 0 0 0 0 0 0 0 0 0 0 0 0 0 0 0 0 0
1840 1 0 0 0 0 0 0 0 0 0 0 0 0 0 0 0 0 0
1842 1 0 0 0 0 0 0 0 0 0 0 0 0 0 0 0 0 0
1847 1 0 0 0 0 0 0 0 0 0 0 0 0 0 1 0 0 0
1851 1 0 0 0 0 0 0 0 0 0 0 0 0 0 0 0 0 0
1852 0 0 0 0 0 0 0 1 0 0 0 0 0 0 0 0 0 0
1853 1 0 0 0 0 0 0 0 0 0 0 0 0 0 0 0 0 0
1863 1 0 0 0 0 0 0 0 0 0 0 1 1 0 1 1 0 0
1868 0 0 1 0 0 0 0 0 0 0 0 0 0 0 0 0 0 0
1875 1 0 0 0 0 0 0 0 0 0 0 0 0 0 0 0 0 0
1877 0 0 0 0 0 0 0 1 0 0 0 0 0 0 0 0 0 0
1879 1 0 0 0 0 1 0 0 0 0 0 0 0 0 0 0 0 0
1880 1 0 0 0 0 0 0 0 0 0 0 0 0 0 0 0 0 0
1882 1 0 0 0 0 0 0 0 0 0 0 0 0 0 0 0 0 0
1883 1 0 0 0 0 0 0 0 0 0 0 0 0 0 0 0 0 0
1884 1 0 0 0 0 0 0 0 0 0 0 0 0 0 0 0 0 0
1887 0 0 0 0 0 0 1 0 0 0 0 0 0 0 0 0 0 0
1899 1 0 0 0 0 0 0 0 0 0 0 0 0 0 0 0 0 0
1910 0 0 0 0 0 0 0 1 0 0 0 0 0 0 0 0 0 0
1911 0 1 0 0 0 1 0 0 0 0 0 0 0 0 0 0 0 0
1919 0 0 0 0 0 0 0 0 1 0 0 0 0 0 0 0 0 0
1924 0 0 0 0 0 0 0 0 1 0 0 0 0 0 0 0 0 0
1927 0 0 0 0 0 0 0 0 1 0 0 0 0 0 0 0 0 0
1928 1 1 0 0 0 0 0 0 0 0 0 0 0 0 1 0 0 0
1931 1 0 0 0 0 0 0 0 0 0 0 0 0 0 0 0 0 0
1933 0 1 0 0 0 1 0 0 0 0 0 0 0 0 0 0 0 0
1943 0 0 0 0 0 0 0 1 0 0 0 0 0 0 0 0 0 0
1945 1 0 0 0 0 0 0 0 1 0 0 0 0 0 0 0 0 0
1954 1 0 0 0 0 0 0 0 0 0 0 0 0 0 0 0 0 0
1968 0 0 0 0 0 0 0 1 0 0 0 0 0 0 0 0 0 0
1969 0 1 0 0 0 1 0 0 0 0 0 0 0 0 0 0 0 0
1975 1 0 0 0 0 0 0 0 0 0 0 0 0 0 0 0 0 0
1978 1 0 0 0 0 0 0 0 0 0 0 0 0 0 0 0 0 0
1980 1 1 0 0 0 0 0 0 0 0 0 0 0 0 1 0 0 0
1982 1 0 0 0 0 0 0 0 0 0 0 0 0 0 0 0 0 0
1984 1 0 0 0 0 0 0 0 0 0 0 0 0 0 0 0 0 0
1986 1 0 0 0 0 0 0 0 0 0 0 0 0 0 0 0 0 0
1987 1 0 0 0 0 0 0 0 0 0 0 0 1 0 0 0 0 0
1992 1 0 0 0 0 0 0 0 0 0 0 0 0 0 1 0 0 0
1993 1 0 0 0 0 0 0 0 0 0 0 0 0 0 0 0 0 0
1994 1 0 0 0 0 0 0 0 0 0 0 0 0 0 0 0 0 0
1995 1 0 0 0 0 0 0 0 0 0 0 0 0 0 0 0 0 0
2000 0 1 0 0 0 0 0 0 1 0 0 0 0 0 0 0 0 0
2002 1 0 0 0 0 0 0 0 0 0 0 0 0 0 0 0 0 0
2003 0 0 0 0 0 0 0 1 0 0 0 0 0 0 0 0 0 0
2004 0 0 0 0 0 0 0 1 0 0 0 0 0 0 0 0 0 0
2007 0 1 0 0 0 1 0 0 0 0 0 0 0 0 0 0 0 0
2008 0 0 0 0 0 0 0 1 0 0 0 0 0 0 0 0 0 0
2011 0 0 0 0 0 0 0 1 0 0 0 0 0 0 0 0 0 0
2013 1 0 0 0 0 0 0 0 0 0 0 0 0 0 0 0 0 0
2014 0 0 0 0 0 0 0 1 0 0 0 0 0 0 0 0 0 0
2017 0 0 0 0 0 1 0 0 1 0 0 0 0 0 0 0 0 0
2019 1 0 0 0 0 0 0 0 0 0 0 0 0 0 0 0 0 0
2025 1 0 0 0 0 0 0 0 0 0 0 0 0 0 0 0 0 0
2030 1 0 0 0 0 0 0 0 0 0 0 0 0 0 0 0 0 0
2032 1 0 0 0 0 0 0 0 1 0 0 0 0 0 0 0 0 0
2035 0 0 0 0 1 0 0 0 0 0 0 0 0 0 0 0 0 0
2037 1 0 0 0 0 0 0 0 0 0 0 0 0 0 0 0 0 0
2040 1 0 0 0 0 0 0 0 0 0 0 0 0 0 0 0 0 0
2041 1 0 0 0 0 0 0 0 0 0 0 0 0 0 0 0 0 0
2045 1 0 0 0 0 0 0 0 0 0 0 0 0 0 0 0 0 0
2046 1 0 0 0 0 0 0 0 0 0 0 0 0 0 0 0 0 0
2047 1 0 0 0 0 0 0 0 0 0 0 0 0 0 0 0 0 0
2048 1 0 0 0 0 0 0 0 0 0 0 0 0 0 0 0 0 0
2050 0 0 0 0 0 0 0 1 0 0 0 0 0 0 0 0 0 0
2051 0 0 0 0 0 0 0 0 0 0 0 0 0 0 1 0 0 0
2052 1 0 1 0 0 0 0 0 0 0 0 0 0 0 0 0 0 0
2055 1 0 0 0 0 0 0 0 0 0 0 1 0 0 0 0 0 0
2063 0 0 1 0 0 0 0 0 1 0 0 0 0 0 1 0 0 0
2065 1 0 0 0 0 0 0 0 0 0 0 0 0 0 0 0 0 0
2066 1 0 0 0 0 0 0 0 0 0 0 0 0 0 0 0 0 0
2067 1 0 0 0 0 0 0 0 0 0 0 0 1 0 1 0 0 0
2069 0 0 0 0 0 0 1 0 0 0 0 0 0 0 0 0 0 0
2070 1 0 0 0 0 0 0 0 0 0 0 0 0 0 0 0 0 0
2072 0 0 0 0 0 0 0 0 1 0 0 0 0 0 0 0 0 0
2073 1 0 0 0 0 0 0 0 0 0 0 0 0 0 0 0 0 0
2074 0 0 0 0 0 0 0 0 0 1 0 0 0 0 0 0 0 0
2080 1 0 0 0 0 0 0 0 0 0 0 0 0 0 0 0 0 0
2081 1 0 0 0 0 0 0 0 0 0 0 0 0 0 0 0 0 0
2082 1 0 0 0 0 0 0 0 1 0 0 0 0 0 0 0 0 0
2084 1 0 0 0 0 0 0 0 0 0 0 0 0 0 0 0 0 0
2086 0 0 0 0 0 0 0 1 0 0 0 0 0 0 0 0 0 0
2087 1 0 0 0 0 0 0 0 0 0 0 0 0 0 0 0 0 0
2092 1 0 0 0 0 0 0 0 0 0 0 0 0 0 0 0 0 0
2093 1 0 0 0 0 0 0 0 0 0 0 0 0 0 0 0 0 0
2094 1 0 0 0 0 0 0 0 0 0 0 0 0 0 0 0 0 0
2096 0 0 0 0 0 0 0 1 0 0 0 0 0 0 0 0 0 0
2097 1 0 0 0 0 0 0 0 0 0 0 0 0 0 0 0 0 0
2099 0 0 0 0 0 0 0 1 0 0 1 0 0 0 0 0 0 0
2100 1 0 0 0 0 0 0 0 0 0 0 0 0 0 0 0 0 0
2101 1 0 0 0 0 0 0 0 0 0 0 0 0 0 1 0 0 0
2102 1 0 0 0 0 0 0 0 0 0 0 0 0 0 0 0 0 0
2103 0 0 0 0 0 0 0 0 1 0 0 0 0 0 0 0 0 0
2107 1 0 0 0 0 0 0 0 1 0 0 0 0 0 0 0 0 0
2109 1 0 0 0 0 0 0 0 0 0 0 0 0 0 0 0 0 0
2114 0 0 0 0 0 0 0 0 0 0 0 1 0 0 0 0 0 0
2116 1 0 0 0 0 0 0 0 0 0 0 0 0 0 0 0 0 0
2117 1 0 0 0 0 0 0 0 1 0 0 0 0 0 0 0 0 0
2118 0 1 0 0 0 1 0 0 0 0 0 0 0 0 0 0 0 0
2119 1 0 0 0 0 0 0 0 0 0 0 1 0 0 0 0 0 0
2123 0 0 0 0 0 0 0 1 0 0 0 0 0 0 0 0 0 0
2130 1 0 0 0 0 0 0 0 0 0 0 0 0 0 1 0 0 0
2131 0 0 0 0 0 0 0 0 1 0 0 0 0 0 0 0 0 0
2135 1 0 0 0 0 0 0 0 0 0 0 0 0 0 0 0 0 0
2138 1 0 0 0 0 0 0 0 0 0 0 0 0 0 1 0 0 0
2140 1 0 0 0 1 0 0 0 1 0 0 0 0 0 0 0 0 0
2141 1 0 0 0 0 0 0 0 0 0 0 0 0 0 1 0 0 0
2144 1 0 0 0 0 0 0 0 1 0 0 0 0 0 0 0 0 0
2148 1 0 0 0 0 0 0 0 0 0 0 0 0 0 0 0 0 0
2150 1 0 0 0 0 0 0 0 0 0 0 0 0 0 0 0 0 0
2163 1 0 0 0 0 0 0 0 0 0 0 0 0 0 0 0 0 0
2164 1 0 0 0 0 0 0 0 0 0 0 0 0 0 0 0 0 0
2169 0 0 0 0 0 0 0 1 0 0 0 0 0 0 0 0 0 0
2174 1 0 0 0 0 0 0 0 0 0 0 0 0 0 1 0 0 0
2175 0 0 0 0 0 0 0 0 1 0 0 0 0 0 0 0 0 0
2176 1 0 0 0 0 0 0 0 0 0 0 0 0 0 0 0 0 0
2177 0 0 0 0 0 0 1 0 0 0 0 0 0 0 0 0 0 0
2178 1 0 0 0 0 0 0 0 0 0 0 0 0 0 0 0 0 0
2180 1 0 0 0 0 0 0 0 0 0 0 1 0 0 0 0 0 0
2182 1 0 0 0 0 0 0 0 0 0 0 0 0 0 1 0 0 0
2187 1 0 0 0 0 0 0 1 0 0 1 0 0 0 1 0 0 0
2192 1 0 0 0 0 0 0 0 0 0 0 0 0 0 0 0 0 0
2195 0 0 0 0 0 0 0 1 0 0 0 0 0 0 0 0 0 0
2196 1 0 0 0 0 0 0 0 0 0 0 0 0 0 0 0 0 0
2204 0 0 0 0 0 0 0 1 0 0 0 0 0 0 0 0 0 0
2206 0 0 0 0 0 0 0 0 1 0 0 0 0 0 0 0 0 0
2207 1 0 0 0 0 0 0 0 0 0 0 1 0 0 0 0 0 0
2208 0 0 0 0 0 0 0 0 0 0 1 0 0 0 0 0 0 0
2210 1 0 0 0 0 0 0 0 0 0 0 0 0 0 0 0 0 0
2211 0 0 0 0 0 0 0 1 0 0 0 0 0 0 0 0 0 0
2212 1 0 0 0 0 0 0 0 0 0 0 0 0 0 0 0 0 0
2214 0 0 0 0 0 0 0 1 0 0 0 0 0 0 0 0 0 0
2217 1 0 0 0 0 0 0 0 0 0 0 0 0 0 0 0 0 0
2218 1 0 0 0 0 0 0 0 0 0 0 0 0 0 0 0 0 0
2219 1 0 0 0 0 0 0 0 0 0 0 0 0 0 0 0 0 0
2225 0 0 0 0 0 0 0 0 0 0 1 0 0 0 0 0 0 0
2229 1 0 0 0 0 0 0 0 0 0 0 0 0 0 0 0 0 0
2233 1 0 0 0 0 0 0 0 1 0 0 0 0 0 0 0 0 0
2237 0 1 0 0 0 1 0 0 0 0 0 0 0 0 0 0 0 0
2238 1 0 0 0 0 0 0 0 0 0 0 0 1 0 0 0 0 0
2247 1 0 0 0 0 0 0 0 0 0 0 0 0 0 0 0 0 0
2249 1 0 0 0 0 0 0 0 0 0 0 1 1 0 0 0 0 0
2254 1 0 0 0 0 0 0 0 0 0 0 0 0 0 0 0 0 0
2257 1 0 0 0 0 0 0 0 0 0 0 0 0 0 0 0 0 0
2263 0 0 0 0 0 0 0 1 0 0 1 0 0 0 1 0 0 0
2265 0 0 0 0 0 1 0 0 0 0 0 0 0 0 1 0 0 0
2266 1 0 0 0 0 0 0 0 0 0 0 0 1 0 1 0 0 0
2270 1 0 0 0 0 0 0 0 0 0 0 0 0 0 0 0 0 0
2271 1 0 0 0 0 0 0 0 0 0 0 0 0 0 0 0 0 0
2273 1 0 0 0 0 0 0 0 0 0 0 0 0 0 0 0 0 0
2274 0 0 0 0 0 0 0 0 1 0 0 0 0 0 0 0 0 0
2277 0 1 0 0 0 1 0 0 0 0 0 0 0 0 0 0 0 0
2278 1 0 0 0 0 0 0 0 0 0 0 0 0 0 0 0 0 0
2283 0 0 0 0 0 0 0 0 0 0 0 0 0 0 0 1 0 0
2286 1 0 0 0 0 0 0 0 1 0 0 0 0 0 0 0 0 0
2290 0 0 0 0 0 0 0 1 0 0 0 0 0 0 0 0 0 0
2293 1 0 0 0 0 0 0 0 0 0 0 0 0 0 0 0 0 0
2295 1 0 0 0 0 0 0 0 0 0 0 0 0 0 0 0 0 0
2296 1 0 0 0 0 0 0 0 0 0 0 0 0 0 0 0 0 0
2297 1 0 0 0 0 0 0 0 0 0 0 1 0 0 0 0 0 0
2302 1 0 0 0 0 0 0 0 0 0 0 0 0 0 0 0 0 0
2303 1 0 0 0 0 0 0 0 0 0 0 0 0 0 0 0 0 0
2304 0 0 0 0 0 0 0 0 0 0 0 1 1 0 0 0 0 0
2305 1 0 0 0 0 0 0 0 0 0 0 1 0 0 0 0 0 0
2319 1 0 0 0 0 0 0 0 0 0 0 0 0 0 0 0 0 0
2320 0 0 0 0 0 0 0 1 0 0 0 0 0 0 1 0 0 0
2321 1 0 0 0 0 0 0 0 0 0 0 0 0 0 0 0 0 0
2322 1 1 0 0 0 0 0 0 1 0 0 0 1 0 1 0 0 0
2324 1 0 0 0 0 0 0 1 0 0 0 0 0 0 0 0 0 0
2326 0 0 0 0 0 0 0 1 0 0 0 0 0 0 0 0 0 0
2330 0 0 0 0 0 0 0 0 1 0 0 0 0 0 0 0 0 0
2331 1 0 0 0 0 0 0 0 0 0 0 0 0 0 0 0 0 0
2333 0 0 0 0 0 0 0 1 0 0 1 0 0 0 1 0 0 0
2337 0 0 0 0 0 0 0 0 0 0 0 0 0 0 0 1 0 0
2343 1 0 0 0 0 0 0 0 0 0 0 0 0 0 1 0 0 0
2347 0 0 0 0 0 0 0 0 1 0 0 0 0 0 0 0 0 0
2348 1 0 0 0 1 0 0 0 0 0 0 0 0 0 1 0 0 0
2350 0 0 0 0 0 0 0 1 0 0 0 0 0 0 0 0 0 0
2351 0 0 0 0 0 0 0 1 0 0 0 0 0 0 0 0 0 0
2357 0 0 0 0 0 0 1 0 1 0 0 0 0 0 0 0 0 0
2359 0 0 0 0 0 0 0 0 0 0 0 1 0 0 0 0 0 0
2360 0 0 0 0 0 0 0 1 0 0 0 0 0 0 0 0 0 0
2362 1 0 0 0 0 0 0 0 0 0 0 0 0 0 0 0 0 0
2364 1 0 0 0 0 0 0 0 1 0 0 0 0 0 0 0 0 0
2366 1 0 0 0 0 0 0 0 0 0 0 0 0 0 0 0 0 0
2370 0 0 0 0 0 0 0 1 0 0 0 0 0 0 0 0 0 0
2371 0 0 0 0 0 0 0 1 0 0 0 0 0 0 0 0 0 0
2372 0 0 0 0 0 0 0 1 0 0 0 0 0 0 0 0 0 0
2379 1 0 0 0 0 0 1 0 0 0 0 0 0 0 0 0 0 0
2382 0 0 0 0 0 0 0 1 0 0 0 0 0 0 0 0 0 0
2383 1 0 0 0 0 0 0 0 0 0 0 0 0 0 0 0 0 0
2384 1 0 0 0 0 0 0 0 0 0 0 0 0 0 0 0 0 0
2385 1 0 0 0 0 0 0 0 0 0 0 0 0 0 0 0 0 0
2387 1 0 0 0 0 0 0 0 0 0 0 0 0 0 1 0 0 0
2390 0 0 0 0 0 0 0 1 0 0 0 0 0 0 0 0 0 0
2395 1 0 0 0 0 0 0 0 0 0 0 0 0 0 0 0 0 0
2396 0 0 0 0 0 0 0 0 1 0 0 0 0 0 0 0 0 0
2398 0 0 0 0 1 0 0 0 0 0 0 0 0 0 0 0 0 0
2406 1 0 0 0 0 0 0 0 0 0 0 0 0 0 1 0 0 0
2415 0 0 0 0 0 0 0 1 0 0 0 0 0 0 0 0 0 0
2417 0 0 0 0 0 0 0 1 0 0 0 0 0 0 0 0 0 0
2420 0 0 0 0 0 0 0 1 0 0 0 0 0 0 0 0 0 0
2422 1 0 0 0 0 0 0 0 0 0 0 0 0 0 0 0 0 0
2423 1 0 0 0 0 0 0 0 0 0 0 0 0 0 0 0 0 0
2424 1 0 0 0 0 0 0 0 0 0 0 0 0 0 1 0 0 0
2428 0 0 0 0 0 0 0 1 0 0 0 0 0 0 0 0 0 0
2431 1 0 0 0 0 0 0 0 0 0 0 0 0 0 0 0 0 0
2434 1 0 0 0 0 0 0 0 0 0 0 0 0 0 0 0 0 0
2438 0 0 0 0 0 0 0 0 1 0 0 0 0 0 0 0 0 0
2439 1 0 0 0 0 0 0 0 0 0 0 0 0 0 0 0 0 0
2440 1 0 0 0 0 0 0 0 0 0 0 0 0 0 0 0 0 0
2442 1 0 0 0 0 0 0 0 0 0 0 0 0 0 1 0 0 0
2443 0 0 0 0 0 0 0 1 0 0 0 0 0 0 0 0 0 0
2445 1 0 0 0 0 0 0 0 1 0 0 0 0 0 1 0 0 0
2446 1 0 0 0 0 0 0 0 0 0 0 0 0 0 0 0 0 0
2447 1 0 0 0 0 0 1 0 0 0 0 0 0 0 0 0 0 0
2449 1 0 0 0 1 0 0 1 0 0 0 1 0 0 0 0 0 0
2450 0 0 0 0 0 0 0 0 1 0 0 0 0 0 0 0 0 0
2452 1 0 0 0 0 0 0 0 0 0 0 0 0 0 0 0 0 0
2454 1 0 0 0 0 0 0 0 0 0 0 0 0 0 0 0 0 0
2457 0 0 0 0 0 0 0 0 0 0 0 0 0 0 1 0 0 0
2460 1 0 0 0 0 0 0 0 0 0 0 0 0 0 0 0 0 0
2464 0 0 0 0 0 0 0 0 1 0 0 0 0 0 0 0 0 0
2466 0 1 0 0 0 1 0 0 0 0 0 0 0 0 0 0 0 0
2475 0 1 0 0 0 1 0 0 0 0 0 0 0 0 0 0 0 0
2487 1 0 0 0 0 0 0 0 0 0 0 0 1 0 1 0 0 0
2488 1 0 0 0 0 0 0 0 0 0 0 0 0 0 0 0 0 0
2492 1 0 0 0 0 0 0 0 0 0 0 0 0 0 0 0 0 0
2493 0 0 0 0 0 0 0 1 0 0 0 0 0 0 0 0 0 0
2494 1 0 0 0 0 0 0 0 1 0 0 0 1 0 0 0 0 0
2495 1 0 0 0 0 0 0 0 1 0 0 0 0 0 0 0 0 0
2497 1 0 0 0 0 0 0 0 0 0 0 0 0 0 0 0 0 0
2500 1 0 0 0 0 0 0 0 0 0 0 0 0 0 0 0 0 0
2501 0 0 0 0 0 0 0 0 0 0 1 0 0 0 0 0 0 0
2503 0 0 0 0 0 0 0 0 1 0 0 0 0 0 0 0 0 0
2506 0 0 0 0 0 0 0 0 1 0 0 0 0 0 0 0 0 0
2511 1 0 0 0 0 0 0 0 0 0 0 1 0 0 1 0 0 0
2513 1 0 0 0 0 0 0 0 0 0 0 0 0 0 0 0 0 0
2515 1 0 0 0 0 0 1 0 0 0 0 0 0 0 0 0 0 0
2517 1 0 0 0 0 0 0 0 1 0 0 0 0 0 0 0 0 0
2521 1 0 0 0 0 0 0 0 0 0 0 0 0 0 0 0 0 0
2522 1 0 0 0 0 0 0 0 0 0 0 0 0 0 0 0 0 0
2524 1 0 0 0 0 0 0 0 0 0 0 0 0 0 0 0 0 0
2526 0 0 0 0 0 0 0 0 1 0 0 0 0 0 0 0 0 0
2530 1 0 0 0 0 0 0 0 0 0 0 0 0 0 0 0 0 0
2534 0 0 0 0 0 0 0 1 0 0 0 0 0 0 0 0 0 0
2538 1 0 0 0 0 0 0 0 0 0 0 0 0 0 0 0 0 0
2539 1 0 0 0 0 0 0 0 0 0 0 0 0 0 1 0 0 0
2543 0 0 0 0 0 0 0 0 1 0 0 0 0 0 0 0 0 0
2546 0 0 0 0 0 0 0 1 0 0 0 0 0 0 0 0 0 0
2549 1 0 0 0 0 0 0 0 1 0 0 0 0 0 1 0 0 0
2554 1 0 0 0 0 0 0 0 0 0 0 0 0 0 1 0 0 0
2555 1 0 0 0 0 0 0 0 0 0 0 0 0 0 1 0 0 0
2556 1 0 0 0 0 0 0 0 0 0 0 0 0 0 0 0 0 0
2559 1 0 0 0 0 0 0 0 0 0 0 0 0 0 0 0 0 0
2563 0 0 0 0 0 0 0 1 0 0 0 0 0 0 1 0 0 0
2564 0 0 0 0 0 0 0 0 1 0 0 0 0 0 0 0 0 0
2565 1 0 0 0 0 0 0 0 0 0 0 0 0 0 0 0 0 0
2566 0 0 0 0 0 0 0 0 1 0 0 0 0 0 1 0 0 0
2567 1 0 0 0 0 0 0 0 0 0 0 0 0 0 0 0 0 0
2573 1 0 0 0 0 0 0 0 0 0 0 0 0 0 1 0 0 0
2576 0 0 0 0 0 1 0 0 0 0 0 0 0 0 0 0 0 0
2578 1 0 0 0 0 0 0 0 0 0 0 0 0 0 0 0 0 0
2587 1 0 0 0 0 0 0 0 0 0 0 0 0 0 0 0 0 0
2598 1 0 0 0 0 0 0 0 0 0 0 0 0 0 0 0 0 0
2603 0 0 0 0 0 0 0 1 0 0 0 0 0 0 1 0 0 0
2604 1 0 0 0 0 0 0 0 0 0 0 0 0 0 0 0 0 0
2606 1 0 0 0 0 0 0 0 0 0 0 0 0 0 0 0 0 0
2607 1 0 0 0 0 0 0 0 1 0 0 0 0 0 0 0 0 0
2609 1 0 0 0 0 0 0 0 0 0 0 0 0 0 0 0 0 0
2612 1 1 0 0 1 0 0 1 0 0 0 0 0 0 1 0 0 0
2617 0 0 0 0 0 0 0 0 1 0 0 0 0 0 0 0 0 0
2618 0 0 0 0 0 0 0 0 0 0 0 1 1 0 0 0 0 0
2626 1 0 0 0 0 0 0 0 0 0 0 0 0 0 0 0 0 0
2627 0 0 0 0 0 0 0 1 0 0 0 0 0 0 0 0 0 0
2628 0 0 0 0 0 0 0 0 0 0 0 0 1 0 1 0 0 0
2630 0 0 0 0 1 0 0 0 0 0 0 0 0 0 0 0 0 0
2632 1 0 0 0 0 0 0 0 1 0 0 0 0 0 0 0 0 0
2638 1 0 0 0 0 0 1 0 0 0 0 0 0 0 0 0 0 0
2642 0 0 0 0 0 0 0 0 0 0 0 1 1 0 0 0 0 0
2646 1 0 0 0 1 0 0 0 0 0 0 0 0 0 0 0 0 0
2649 1 0 0 0 0 0 0 0 0 0 0 0 0 0 0 0 0 0
2653 1 0 0 0 0 0 0 0 0 0 0 0 0 0 0 0 0 0
2655 1 0 0 0 0 0 0 0 0 0 0 0 0 0 0 0 0 0
2664 0 0 0 0 0 0 0 1 0 0 0 0 0 0 0 0 0 0
2675 0 0 0 0 0 0 0 1 0 0 0 0 0 0 0 0 0 0
2676 1 0 0 0 0 0 0 0 0 0 0 0 0 0 0 0 0 0
2682 0 0 0 0 0 1 0 0 0 0 0 0 0 0 0 0 0 0
2684 1 0 0 0 0 0 0 0 0 0 0 0 0 0 0 0 0 0
2685 0 0 0 0 0 0 1 0 1 0 0 0 0 0 0 0 0 0
2688 1 0 0 0 0 0 0 0 0 0 0 0 1 0 0 0 0 0
2699 1 0 0 0 0 0 0 1 0 0 0 0 0 0 0 0 0 0
2703 0 0 0 0 0 0 0 0 0 0 0 0 1 0 1 0 0 0
2704 0 0 0 0 0 0 0 0 1 0 0 0 0 0 0 0 0 0
2705 1 0 0 0 0 0 0 0 0 0 0 0 0 0 0 0 0 0
2706 0 0 0 0 0 0 0 1 0 0 0 0 0 0 0 0 0 0
2711 1 0 0 0 0 0 0 0 0 0 0 0 0 0 0 0 0 0
2712 0 0 0 0 0 0 0 0 1 0 0 0 0 0 0 0 0 0
2716 0 0 0 0 0 0 0 1 0 0 0 0 0 0 0 0 0 0
2719 1 0 0 0 0 0 0 0 0 0 0 0 0 0 0 0 0 0
2722 1 0 0 0 0 0 0 0 0 0 0 0 0 0 0 0 0 0
2726 0 0 0 0 0 0 0 0 1 0 0 0 0 0 0 0 0 0
2728 0 0 0 0 0 1 0 0 0 0 0 0 0 0 0 0 0 0
2731 1 0 0 0 0 0 0 0 0 0 0 0 0 0 0 0 0 0
2735 1 0 0 0 0 0 0 0 0 0 0 0 0 0 0 0 0 0
2736 0 0 0 0 0 0 0 0 1 0 0 0 0 0 0 0 0 0
2738 1 0 0 0 0 0 0 0 0 0 0 0 0 0 0 0 0 0
2739 1 0 0 0 0 0 0 0 0 0 0 0 0 0 0 0 0 0
2741 1 0 0 0 0 0 0 0 0 0 0 0 0 0 0 0 0 0
2742 1 0 0 0 0 0 0 0 0 0 0 0 0 0 0 0 0 0
2745 0 0 0 0 0 0 0 1 0 0 1 0 0 0 0 0 0 0
2747 1 0 0 0 0 0 0 0 0 0 0 0 0 0 0 0 0 0
2749 1 0 0 0 0 0 0 0 0 0 0 0 0 0 0 0 0 0
2755 1 0 0 0 0 0 0 0 0 0 0 0 0 0 0 0 0 0
2758 1 0 0 0 0 0 0 0 0 0 0 1 0 0 0 0 0 0
2759 0 0 0 0 0 0 1 0 0 0 0 0 0 0 0 0 0 0
2764 0 1 0 0 0 1 0 0 1 0 0 0 0 0 0 0 0 0
2768 1 0 0 0 0 0 0 0 0 0 0 0 0 0 0 0 0 0
2769 1 0 0 0 0 0 0 0 0 0 0 0 0 0 0 0 0 0
2771 1 0 0 0 0 0 0 0 0 0 0 0 0 0 0 0 0 0
2773 1 0 0 0 0 0 0 0 0 0 0 0 0 0 0 0 0 0
2779 1 0 0 0 0 0 0 0 0 0 0 0 0 0 0 0 0 0
2780 0 0 0 0 0 0 0 1 0 0 0 0 0 0 0 0 0 0
2781 0 1 0 0 0 1 0 0 0 0 0 0 0 0 0 0 0 0
2782 0 0 0 0 0 0 0 1 0 0 0 0 0 0 0 0 0 0
2783 0 0 0 0 0 0 1 0 0 0 0 0 0 0 0 0 0 0
2789 1 0 0 0 0 0 0 0 1 0 0 0 0 0 1 0 0 0
2791 1 0 0 0 1 0 0 0 0 0 0 0 0 0 0 0 0 0
2794 0 1 0 0 0 1 0 0 0 0 0 0 0 0 0 0 0 0
2795 1 0 0 0 0 0 0 0 0 0 0 1 1 0 0 0 0 0
2797 1 0 0 0 0 0 0 0 0 0 0 0 0 0 0 0 0 0
2798 1 0 0 0 0 0 0 0 0 0 0 0 0 0 0 0 0 0
2804 1 0 0 0 0 0 0 0 1 0 0 0 0 0 1 0 0 0
2806 0 0 0 0 0 0 0 1 0 0 1 0 0 0 0 0 0 0
2808 0 0 0 0 0 0 0 1 0 0 0 0 0 0 0 0 0 0
2809 1 0 0 0 0 0 0 0 0 0 0 0 0 0 0 0 0 0
2811 1 0 0 0 0 0 0 0 1 0 0 0 0 0 0 0 0 0
2813 1 0 0 0 0 0 1 0 0 0 0 0 0 0 0 0 0 0
2816 0 1 0 0 0 1 0 0 1 0 0 0 0 0 0 0 0 0
2818 0 0 0 0 0 0 0 1 0 0 0 0 0 0 1 0 0 0
2819 1 0 0 0 0 0 0 0 0 0 0 0 0 0 0 0 0 0
2820 1 0 0 0 0 0 1 0 0 0 0 0 0 0 0 0 0 0
2829 1 0 0 0 0 1 0 0 0 0 0 0 1 0 1 1 0 0
2842 1 0 0 0 0 0 0 0 0 0 0 0 0 0 0 0 0 0
2843 1 0 0 0 1 0 0 0 1 0 0 0 0 0 0 0 0 0
2846 0 1 0 0 0 1 0 0 0 0 0 0 0 0 0 0 0 0
2858 0 0 0 0 0 0 0 0 1 0 0 0 0 0 0 0 0 0
2859 1 0 0 0 0 0 0 0 0 0 0 1 0 0 1 0 0 0
2860 0 0 1 0 1 0 0 0 0 0 0 0 0 0 0 0 0 0
2861 1 0 0 0 0 0 0 0 0 0 0 0 0 0 0 0 0 0
2864 0 1 0 0 0 0 0 0 0 0 0 0 0 0 0 0 0 0
2869 1 0 0 0 0 0 0 0 0 0 0 0 0 0 1 0 0 0
2872 0 0 0 0 0 0 0 1 0 0 0 0 0 0 0 0 0 0
2877 1 0 0 0 0 0 0 0 0 0 0 0 0 0 0 0 0 0
2880 1 0 0 0 0 0 0 0 1 0 0 0 0 0 1 0 0 0
2886 0 0 0 0 0 1 0 0 0 0 0 0 0 0 0 0 0 0
2889 1 0 0 0 0 0 0 0 0 0 0 0 0 0 0 0 0 0
2890 1 0 0 0 0 0 0 0 0 0 0 0 0 0 0 0 0 0
2892 1 0 0 0 0 0 1 0 0 0 0 0 0 0 0 0 0 0
2893 1 0 0 0 0 0 0 0 0 0 0 0 0 0 0 0 0 0
2897 0 0 0 0 0 0 0 0 1 0 0 0 0 0 0 0 0 0
2903 1 0 0 0 0 0 0 0 1 0 0 0 1 0 1 0 0 0
2905 1 0 0 0 0 0 0 0 0 0 0 0 0 0 0 0 0 0
2913 1 0 0 0 0 0 0 0 0 0 0 0 0 0 0 0 0 0
2914 1 0 0 0 0 0 0 0 0 0 0 0 0 0 0 0 0 0
2917 0 0 0 0 0 0 0 1 0 0 0 0 0 0 0 0 0 0
2919 1 0 0 0 0 0 0 0 0 0 0 0 0 0 0 0 0 0
2920 0 0 0 0 0 0 0 1 0 0 0 0 0 0 0 0 0 0
2924 1 0 0 0 0 0 0 0 0 0 0 0 0 0 0 0 0 0
2925 1 0 0 0 0 0 0 0 0 0 0 0 0 0 0 0 0 0
2931 0 0 0 0 0 0 0 0 0 0 0 0 0 0 0 0 1 0
2940 1 0 0 0 1 0 0 1 1 0 0 1 1 0 1 0 0 0
2941 0 0 0 0 0 0 0 0 1 0 0 0 0 0 0 0 0 0
2943 0 1 0 0 0 1 0 0 0 0 0 0 0 0 0 0 0 0
2944 0 0 0 0 0 0 0 0 0 0 0 1 1 0 0 0 0 0
2949 1 0 0 0 0 0 0 0 0 0 0 0 0 0 0 0 0 0
2950 0 0 0 0 0 0 0 0 1 0 0 0 0 0 0 0 0 0
2953 0 0 0 0 0 0 0 0 1 0 0 0 0 0 0 0 0 0
2964 1 0 0 0 0 0 0 0 0 0 0 0 0 0 1 0 0 0
2965 0 0 0 0 0 0 0 1 0 0 1 0 0 0 0 0 0 0
2966 1 0 0 0 0 0 0 0 0 0 0 0 0 0 0 0 0 0
2968 0 0 0 0 0 0 0 0 1 0 0 0 0 0 0 0 0 0
2969 0 0 0 0 0 0 0 1 0 0 0 0 0 0 0 0 0 0
2974 1 0 0 0 0 0 0 0 0 0 0 0 0 0 0 0 0 0
2975 1 0 0 0 0 0 0 0 0 0 0 0 0 0 1 0 0 0
2976 0 0 0 0 0 0 0 1 0 0 1 0 0 0 0 0 0 0
2977 0 0 0 0 0 0 0 1 0 0 0 0 0 0 0 0 0 0
2983 1 0 0 0 0 0 0 0 0 0 0 0 0 0 0 0 0 0
2985 0 0 0 0 0 0 0 1 0 0 0 0 0 0 0 0 0 0
2987 0 0 0 0 0 0 0 1 0 0 0 0 0 0 0 0 0 0
2998 1 0 0 0 0 0 0 0 0 0 0 0 0 0 0 0 0 0
3000 0 0 0 0 0 0 0 1 0 0 0 0 0 0 0 0 0 0
3002 1 0 1 0 0 0 0 0 0 0 0 0 1 0 0 0 0 0
3005 0 0 0 0 0 0 0 0 0 0 0 0 0 0 0 1 0 0
3006 1 0 0 0 0 0 0 0 0 0 0 0 0 0 1 0 0 0
3011 0 1 0 0 0 1 0 0 1 0 0 0 0 0 0 0 0 0
3014 1 0 0 0 0 0 0 0 0 0 0 0 0 0 1 0 0 0
3015 1 0 0 0 0 0 0 0 0 0 0 0 0 0 0 0 0 0
3018 1 0 0 0 0 0 0 0 0 0 0 0 0 0 1 0 0 0
3019 1 0 0 0 0 0 0 0 1 0 0 0 0 0 0 0 0 0
3020 1 0 0 0 0 0 0 0 0 0 0 0 0 0 0 0 0 0
3022 1 0 0 0 0 0 0 0 0 0 0 0 0 0 0 0 0 0
3025 1 0 0 0 0 0 0 0 0 0 0 0 0 0 0 0 0 0
3026 0 0 0 0 0 0 0 1 0 0 1 0 0 0 0 0 0 0
3029 1 0 0 0 0 0 0 0 0 0 0 0 0 0 0 0 0 0
3030 1 0 0 0 0 0 0 0 0 0 0 0 0 0 0 0 0 0
3031 0 0 0 0 0 0 0 1 0 0 1 0 0 0 1 0 0 0
3032 0 0 0 0 0 0 0 1 0 0 1 0 0 0 0 0 0 0
3033 1 0 0 0 0 0 0 0 0 0 0 0 0 0 1 0 0 0
3035 1 0 0 0 0 0 0 0 0 0 0 0 0 0 0 0 0 0
3038 0 0 0 0 0 0 0 1 0 0 0 0 0 0 1 0 0 0
3042 1 0 0 0 0 0 0 0 1 0 0 0 1 0 0 0 0 0
3044 1 0 0 0 0 0 0 0 0 0 0 0 0 0 0 0 0 0
3046 1 0 0 0 0 0 0 0 0 0 0 0 0 0 0 0 0 0
3048 1 0 0 0 0 0 0 0 0 0 0 0 0 0 0 0 0 0
3054 1 0 0 0 0 0 0 0 0 0 0 0 0 0 0 0 0 0
3064 1 0 0 0 0 0 0 0 0 0 0 0 0 0 0 0 0 0
3072 0 0 0 0 0 0 0 0 0 0 0 0 0 0 1 0 0 0
3077 1 0 0 0 0 0 0 0 0 0 0 0 0 0 0 0 0 0
3078 1 0 0 0 0 0 0 0 0 0 0 0 0 0 0 0 0 0
3079 1 0 0 0 0 0 0 0 0 0 0 0 0 0 1 0 0 0
3081 1 0 0 0 0 0 0 0 0 0 0 0 0 0 0 0 0 0
3083 1 0 0 0 0 0 0 0 0 0 0 0 0 0 1 0 0 0
3086 1 0 0 0 0 0 0 0 0 0 0 1 0 0 0 0 0 0
3090 0 0 0 0 0 0 0 0 1 0 0 0 0 0 0 0 0 0
3093 0 0 0 0 0 0 0 1 0 0 0 0 0 0 0 0 0 0
3096 1 0 0 0 0 0 0 0 0 0 0 0 0 0 0 0 0 0
3097 0 0 0 0 0 0 0 1 0 0 0 0 0 0 0 0 0 0
3100 0 0 0 0 0 0 0 0 0 0 0 1 0 0 0 0 0 0
3105 1 0 0 0 0 0 0 0 0 0 0 0 0 0 1 0 0 0
3109 1 0 0 0 0 0 0 0 1 0 0 0 0 0 1 0 0 0
3111 0 0 0 0 0 0 0 0 0 0 0 0 0 0 1 0 0 0
3112 0 0 0 0 0 0 0 1 0 0 0 0 0 0 0 0 0 0
3118 0 0 0 0 0 0 0 0 1 0 0 0 0 0 0 0 0 0
3119 1 0 0 0 0 0 0 0 0 0 0 0 0 0 0 0 0 0
3120 1 0 0 0 0 0 0 0 0 0 0 0 0 0 0 0 0 0
3121 1 0 0 0 0 0 0 0 0 0 0 0 0 0 0 0 0 0
3127 0 0 0 0 0 0 0 1 0 0 1 0 0 0 0 0 0 0
3130 1 0 0 0 0 0 0 0 0 0 0 0 0 0 0 0 0 0
3131 1 0 0 0 0 0 0 0 0 0 0 0 0 0 1 0 0 0
3132 1 0 0 0 0 0 0 0 1 0 0 0 0 0 0 0 0 0
3136 1 0 0 0 0 0 0 0 0 0 0 0 0 0 0 0 0 0
3137 0 0 0 0 0 0 0 1 0 0 0 0 0 0 0 0 0 0
3140 1 0 0 0 0 0 0 0 0 0 0 0 0 0 0 0 0 0
3141 0 1 0 0 0 1 0 0 1 0 0 0 0 0 0 0 0 0
3142 0 1 0 0 0 1 0 0 0 0 0 0 0 0 0 0 0 0
3144 1 0 0 0 0 0 0 0 0 0 0 0 0 0 0 0 0 0
3146 0 0 0 0 0 0 0 0 1 0 0 0 0 0 0 0 0 0
3147 0 0 0 0 0 0 0 0 0 0 0 1 1 0 0 0 0 0
3149 0 0 0 0 0 0 0 0 1 0 0 0 0 0 0 0 0 0
3150 1 0 0 0 0 0 0 0 1 0 0 0 0 0 0 0 0 0
3153 1 0 0 0 0 0 0 0 0 0 0 0 0 0 0 0 0 0
3154 1 0 0 0 0 0 0 0 0 0 0 0 0 0 0 0 0 0
3156 1 0 0 0 0 0 0 0 0 0 0 0 0 0 0 0 0 0
3157 1 0 0 0 0 0 0 0 0 0 0 0 0 0 0 0 0 0
3160 0 0 0 0 0 0 0 1 0 0 1 0 0 0 1 0 0 0
3161 1 0 0 0 0 0 0 0 0 0 0 0 0 0 0 0 0 0
3162 1 0 0 0 0 0 0 0 0 0 0 0 0 0 1 0 0 0
3163 1 0 0 0 0 0 0 0 0 0 0 0 0 0 0 0 0 0
3165 0 0 0 0 0 0 1 0 1 0 0 0 0 0 0 0 0 0
3166 0 0 0 0 0 0 0 0 0 0 0 1 1 0 0 0 0 0
3169 0 0 0 0 0 0 0 1 0 0 0 0 0 0 0 0 0 0
3170 0 0 0 0 0 0 0 0 1 0 0 0 0 0 0 0 0 0
3171 0 0 0 0 0 0 0 0 1 0 0 0 0 0 0 0 0 0
3175 0 0 0 0 0 0 1 0 0 0 0 0 0 0 0 0 0 0
3176 0 0 0 0 0 1 0 0 0 0 0 0 0 0 0 0 0 0
3178 1 0 0 0 0 0 0 0 0 0 0 0 0 0 0 0 0 0
3181 1 0 0 0 0 0 0 0 0 0 0 0 0 0 0 0 0 0
3183 1 0 0 0 0 0 0 0 0 0 0 0 0 0 0 0 0 0
3185 0 0 0 0 0 0 0 0 0 0 0 0 0 0 1 0 0 0
3187 1 0 0 0 0 0 0 0 1 0 0 0 0 0 0 0 0 0
3188 1 0 0 0 0 0 0 0 0 0 0 0 0 0 0 0 0 0
3190 1 0 0 0 0 0 0 0 0 0 0 0 0 0 1 0 0 0
3196 1 0 0 0 0 0 0 0 0 0 0 0 0 0 0 0 0 0
3205 1 0 0 0 0 0 0 0 0 0 0 0 0 0 0 0 0 0
3210 1 0 0 0 0 0 0 0 0 0 0 0 0 0 0 0 0 0
3216 1 0 0 0 0 0 0 0 0 0 0 0 0 0 0 0 0 0
3217 0 0 0 0 0 0 0 1 0 0 0 0 0 0 0 0 0 0
3218 1 0 0 0 0 1 0 0 0 0 0 0 0 0 0 0 0 0
3219 1 0 0 0 0 0 0 0 0 0 0 0 0 0 0 0 0 0
3225 0 0 0 0 0 0 0 0 0 0 0 0 0 1 0 0 0 0
3226 1 0 0 0 0 0 0 0 0 0 0 0 0 0 0 0 0 0
3228 0 0 0 0 0 0 0 0 1 0 0 0 0 0 0 0 0 0
3229 1 0 0 0 0 0 0 0 0 0 0 0 0 0 0 0 0 0
3231 1 0 0 0 0 0 0 0 0 0 0 0 0 0 1 0 0 0
3233 1 0 0 0 0 0 0 0 0 0 0 0 0 0 0 0 0 0
3236 0 0 0 0 0 0 0 0 1 0 0 0 0 0 0 0 0 0
3239 1 0 0 0 0 0 0 0 0 0 0 0 0 0 0 0 0 0
3243 1 0 0 0 0 0 0 0 0 0 0 0 0 0 0 0 0 0
3245 0 0 0 0 1 0 0 0 0 0 0 0 0 0 0 0 0 0
3249 0 0 0 0 0 0 0 1 0 0 0 0 0 0 1 0 0 0
3252 1 0 0 0 0 0 1 0 0 0 0 0 0 0 0 0 0 0
3265 1 0 0 0 0 0 0 0 0 0 0 0 1 0 1 0 0 0
3266 1 0 0 0 0 0 0 0 0 0 0 0 0 0 1 0 0 0
3267 1 0 0 0 1 0 0 0 0 0 0 0 0 0 0 0 0 0
3270 1 0 0 0 0 0 0 0 0 0 0 0 0 0 0 0 0 0
3278 0 0 0 0 0 0 0 1 0 0 0 0 0 0 0 0 0 0
3279 0 0 0 0 0 0 0 0 0 0 0 1 1 0 0 0 0 0
3281 1 0 0 0 0 0 0 0 0 0 0 0 0 0 0 0 0 0
3284 1 0 0 0 0 0 1 0 0 0 0 0 0 0 0 0 0 0
3285 1 0 0 0 0 0 0 0 0 0 0 0 0 0 0 0 0 0
3287 0 1 0 0 0 0 0 0 0 0 0 0 0 0 0 0 0 0
3290 1 0 0 0 0 0 0 0 0 0 0 0 0 0 0 0 0 0
3294 1 0 0 0 0 0 0 0 1 0 0 0 0 0 1 0 0 0
3298 1 0 0 0 0 0 0 0 0 0 0 0 0 0 1 0 0 0
3300 0 0 0 0 0 0 0 1 0 0 0 0 0 0 0 0 0 0
3308 1 0 0 0 0 0 0 0 0 0 0 1 0 0 1 0 0 0
3314 0 0 0 0 0 0 0 1 0 0 1 0 0 0 0 0 0 0
3317 1 0 0 0 0 0 0 0 0 0 0 1 0 0 0 0 0 0
3318 1 0 0 0 0 0 0 0 0 0 0 0 0 0 0 0 0 0
3321 0 0 0 0 0 0 0 0 0 0 0 1 0 0 0 0 0 0
3322 0 1 0 0 0 1 0 0 0 0 0 0 0 0 0 0 0 0
3325 0 0 0 0 0 0 0 1 0 0 0 0 0 0 0 0 0 0
3330 1 0 0 0 0 0 0 0 0 0 0 0 0 0 0 0 0 0
3334 0 0 0 0 0 0 0 0 1 0 0 0 0 0 0 0 0 0
3338 1 0 0 0 0 0 0 0 0 0 0 0 0 0 0 0 0 0
3345 0 0 0 0 0 0 0 1 1 0 1 0 0 0 1 0 0 0
3346 0 0 0 0 0 0 0 0 0 0 0 0 0 0 0 1 0 0
3348 1 0 0 0 0 0 0 0 0 0 0 0 0 0 0 0 0 0
3349 0 0 0 0 0 0 0 0 0 0 0 0 0 0 1 0 0 0
3366 0 0 0 0 0 0 0 1 0 0 0 0 0 0 0 0 0 0
3367 1 0 0 0 0 0 0 0 0 0 0 0 0 0 0 0 0 0
3368 1 0 0 0 0 0 0 0 0 0 0 0 0 0 0 0 0 0
3369 1 0 0 0 0 0 0 0 0 0 0 0 0 0 0 0 0 0
3370 0 0 0 0 0 0 0 1 0 0 0 0 0 0 0 0 0 0
3371 1 0 0 0 0 0 0 0 0 0 0 0 0 0 0 0 0 0
3379 1 0 0 0 0 0 0 0 0 0 0 0 0 0 1 1 0 0
3380 1 0 0 0 0 0 0 0 0 0 0 0 0 0 1 0 0 0
3381 1 0 0 0 0 0 0 0 1 0 0 0 0 0 1 0 0 0
3385 0 0 0 0 0 0 0 0 1 0 0 0 0 0 0 0 0 0
3386 0 0 0 0 0 0 0 1 0 0 0 0 0 0 0 0 0 0
3387 1 0 0 0 0 0 0 0 0 0 0 0 0 0 0 0 0 0
3390 1 0 0 0 0 0 0 0 0 0 0 0 0 0 0 0 0 0
3392 0 0 0 0 0 0 0 0 0 0 0 0 0 0 0 1 0 0
3396 0 1 0 0 0 0 0 0 0 0 0 0 0 0 0 0 0 0
3400 0 0 0 0 0 0 0 1 0 0 0 0 0 0 0 0 0 0
3402 0 0 0 0 0 0 0 1 0 0 0 0 0 0 0 0 0 0
3404 0 1 0 0 0 0 0 0 1 0 0 0 0 0 0 0 0 0
3405 0 0 0 0 0 0 0 1 0 0 0 0 0 0 0 0 0 0
3406 0 0 1 0 1 0 0 0 0 0 0 0 0 0 1 0 0 0
3409 0 0 0 0 1 0 0 0 0 0 0 0 0 0 0 0 0 0
3414 1 0 0 0 0 0 0 0 0 0 0 0 0 0 0 0 0 0
3415 0 0 0 0 0 0 0 0 1 0 0 0 0 0 0 0 0 0
3420 0 0 1 0 0 0 0 0 0 0 0 0 0 0 0 0 0 0
3423 1 0 0 0 0 0 0 0 0 0 0 0 0 0 1 0 0 0
3437 1 0 0 0 0 0 0 0 0 0 0 0 0 0 0 0 0 0
3441 1 0 0 0 0 0 0 0 0 0 0 0 0 0 0 0 0 0
3442 1 0 0 0 0 0 0 0 0 0 0 0 0 0 1 0 0 0
3444 1 0 0 0 0 0 0 0 0 0 0 0 0 0 0 0 0 0
3445 1 0 0 0 0 0 0 0 0 0 0 0 0 0 1 0 0 0
3447 1 0 0 0 0 0 0 0 1 0 0 0 0 0 0 0 0 0
3448 1 0 0 0 0 0 0 0 0 0 0 1 1 0 1 0 0 0
3449 1 0 0 0 0 0 0 0 0 0 0 0 0 0 0 0 0 0
3450 1 0 0 0 0 0 0 0 0 0 0 0 0 0 0 0 0 0
3456 1 0 0 0 0 0 0 0 0 0 0 0 0 0 1 0 0 0
3460 1 0 0 0 0 0 0 0 0 0 0 0 0 0 0 0 0 0
3462 1 0 0 0 0 0 0 0 0 0 0 0 0 0 1 0 0 0
3463 0 1 0 0 0 1 0 0 0 0 0 0 0 0 0 0 0 0
3465 0 1 0 0 0 1 0 0 0 0 0 0 0 0 0 0 0 0
3467 0 0 0 0 0 0 1 0 0 0 0 0 0 0 0 0 0 0
3469 1 0 0 0 0 0 0 0 0 0 0 0 0 0 0 0 0 0
3471 0 1 0 0 0 0 0 0 0 0 0 0 0 0 0 0 0 0
3473 0 0 0 0 0 1 0 0 1 0 0 0 0 0 0 0 0 0
3477 0 0 0 0 0 0 0 0 0 0 0 1 0 0 0 0 0 0
3478 0 0 0 0 0 0 0 0 0 0 0 1 0 0 0 0 0 0
3479 1 0 0 0 1 0 0 0 0 0 0 0 0 0 1 0 0 0
3481 0 0 0 0 0 0 0 1 0 0 1 0 0 0 0 0 0 0
3486 1 0 0 0 0 0 0 0 0 0 0 0 0 0 0 0 0 0
3490 1 0 0 0 0 0 0 0 0 0 0 0 0 0 0 0 0 0
3491 1 0 0 0 0 0 0 0 0 0 0 0 0 0 1 0 0 0
3494 0 0 0 0 0 0 0 0 1 0 0 0 0 0 0 0 0 0
3497 1 0 0 0 0 0 0 0 0 0 0 0 0 0 0 0 0 0
3502 1 0 0 0 0 0 0 0 1 0 0 0 0 0 1 0 0 0
3504 0 1 0 0 0 1 0 0 0 0 0 0 0 0 0 0 0 0
3509 0 0 0 0 0 0 0 1 0 0 0 0 0 0 0 0 0 0
3511 1 0 0 0 0 0 0 0 0 0 0 0 0 0 0 0 0 0
3513 0 0 0 0 0 0 0 1 0 0 0 1 0 0 0 0 0 0
3519 0 0 0 0 0 0 0 1 0 0 0 0 0 0 0 0 0 0
3523 1 1 0 0 0 1 0 0 0 0 0 0 0 0 1 0 0 0
3524 0 0 0 0 0 0 0 0 1 0 0 0 0 0 0 0 0 0
3526 1 0 0 0 0 0 0 0 0 0 0 0 0 0 0 0 0 0
3532 1 0 0 0 0 0 0 0 0 0 0 0 0 0 0 0 0 0
3533 1 0 0 0 0 0 0 0 0 0 0 1 0 0 0 0 0 0
3534 1 0 0 0 0 0 0 0 0 0 0 0 0 0 0 0 0 0
3536 1 0 0 0 0 0 0 0 0 0 0 0 0 0 0 0 0 0
3541 0 1 0 0 0 1 0 0 0 0 0 0 0 0 0 0 0 0
3542 1 0 0 0 0 0 0 0 0 0 0 1 0 0 0 0 0 0
3543 0 1 0 0 0 1 0 0 0 0 0 0 0 0 0 0 0 0
3549 1 0 0 0 0 0 0 0 0 0 0 1 0 0 1 0 0 0
3553 0 0 0 0 0 0 0 0 0 0 0 0 0 0 0 1 0 0
3555 0 0 0 0 0 0 0 0 1 0 0 0 0 0 0 0 0 0
3557 1 0 0 0 0 0 0 0 0 0 0 0 0 0 0 0 0 0
3559 0 0 0 0 0 0 0 0 0 0 0 0 0 0 1 0 0 0
3560 0 0 0 0 0 0 0 0 1 0 0 0 0 0 0 0 0 0
3561 1 0 0 0 0 0 0 0 0 0 0 0 0 0 0 0 0 0
3562 0 0 0 0 0 0 0 0 1 0 0 0 0 0 1 0 0 0
3564 1 0 0 0 0 0 0 0 0 0 0 0 0 0 0 0 0 0
3566 1 0 0 0 0 0 0 0 0 0 0 1 0 0 0 0 0 0
3570 1 0 0 0 0 0 0 0 0 0 0 0 0 0 0 0 0 0
3575 0 0 0 0 1 0 0 0 0 0 0 0 0 0 1 0 0 0
3578 0 0 0 0 1 0 0 0 0 0 0 0 0 0 0 0 0 0
3580 0 0 0 0 0 0 0 1 0 0 0 0 0 0 0 0 0 0
3581 1 0 0 0 0 0 0 0 0 0 0 0 0 0 0 0 0 0
3583 1 0 0 0 0 0 0 0 0 0 0 0 0 0 0 0 0 0
3588 1 0 0 0 0 0 0 0 0 0 0 0 0 0 0 0 0 0
3592 1 0 0 0 0 0 0 0 0 0 0 0 0 0 1 0 0 0
3594 1 0 0 0 0 0 0 0 0 0 0 0 0 0 0 0 0 0
3596 1 0 0 0 0 0 0 0 0 0 0 0 0 0 0 0 0 0
3598 0 0 0 0 0 0 0 0 1 0 0 0 0 0 0 0 0 0
3600 1 0 0 0 0 0 0 0 0 0 0 0 0 0 0 0 0 0
3602 1 0 0 0 0 0 0 0 0 0 0 0 0 0 0 0 0 0
3603 1 0 0 0 0 0 0 0 0 0 0 0 0 0 0 0 0 0
3605 1 0 0 0 0 0 0 0 0 0 0 0 0 0 0 0 0 0
3607 1 0 0 0 0 0 0 0 0 0 0 0 0 0 0 0 0 0
3609 1 0 0 0 0 0 0 0 0 0 0 0 0 0 0 0 0 0
3611 1 0 0 0 0 0 0 0 0 0 0 0 0 0 0 0 0 0
3612 0 0 0 0 0 0 0 0 0 1 0 0 0 0 0 0 0 0
3613 1 0 0 0 0 0 0 0 0 0 0 0 0 0 0 0 0 0
3614 0 0 0 0 0 0 0 0 1 0 0 0 0 0 0 0 0 0
3615 1 0 0 0 0 0 0 0 0 0 0 0 0 0 0 0 0 0
3617 1 0 0 0 0 0 0 0 0 0 0 0 0 0 0 0 0 0
3619 0 0 0 0 0 0 0 1 0 0 0 0 0 0 0 0 0 0
3620 0 0 0 0 0 0 0 1 0 0 0 0 0 0 0 0 0 0
3622 0 0 0 0 0 0 0 1 0 0 0 0 0 0 0 0 0 0
3623 0 0 0 0 0 0 0 1 0 0 0 0 0 0 0 0 0 0
3631 1 0 0 0 0 0 0 0 0 0 0 0 0 0 0 0 0 0
3635 1 0 0 0 0 0 0 0 1 0 0 0 0 0 0 0 0 0
3640 1 0 0 0 0 0 0 0 0 0 0 0 0 0 0 0 0 0
3641 0 0 0 0 0 0 0 1 0 0 0 0 0 0 0 0 0 0
3642 0 0 0 0 0 0 0 0 0 0 0 0 0 0 0 1 0 0
3643 0 0 0 0 0 0 0 1 0 0 0 0 0 0 0 0 0 0
3648 1 0 0 0 0 0 0 0 0 0 0 0 0 0 1 0 0 0
3652 0 0 0 0 0 0 0 0 1 0 0 0 0 0 0 0 0 0
3656 1 0 0 0 0 0 0 0 0 0 0 0 0 0 0 0 0 0
3659 1 0 0 0 0 0 0 0 0 0 0 0 0 0 0 0 0 0
3660 1 0 0 0 0 0 0 0 0 0 0 0 0 0 0 0 0 0
3665 1 0 0 0 0 0 0 0 0 0 0 0 0 0 0 0 0 0
3669 0 0 0 0 0 0 0 0 1 0 0 0 0 0 0 0 0 0
3671 1 0 0 0 0 0 0 0 0 0 0 0 0 0 0 0 0 0
3685 1 0 0 0 0 0 0 0 0 0 0 0 0 0 0 0 0 0
3686 1 0 0 0 0 0 0 0 1 0 0 0 0 0 0 0 0 0
3687 0 0 0 0 0 0 0 1 0 0 0 0 0 0 0 0 0 0
3688 0 0 0 0 0 0 0 0 1 0 0 0 0 0 0 0 0 0
3693 1 0 0 0 0 0 0 0 0 0 0 0 0 0 0 0 0 0
3696 0 0 0 0 1 0 0 0 0 0 0 0 0 0 0 0 0 0
3697 0 0 0 0 0 0 0 0 0 0 0 1 1 0 0 0 0 0
3698 1 0 0 0 0 0 0 0 0 0 0 0 0 0 0 0 0 0
3699 0 0 0 0 0 0 0 1 0 0 0 0 0 0 0 0 0 0
3702 0 0 0 0 0 0 0 0 0 0 0 0 0 0 1 0 0 0
3703 1 1 0 0 0 0 0 0 1 0 0 0 1 0 0 0 0 0
3707 0 0 0 0 0 0 0 1 0 0 1 0 0 0 0 0 0 0
3710 0 0 0 0 1 0 0 0 0 0 0 0 0 0 0 0 0 1
3711 0 0 0 0 0 0 0 1 1 0 0 0 0 0 0 0 0 0
3712 1 0 0 0 0 0 0 0 0 0 0 0 0 0 1 0 0 0
3713 0 0 0 0 0 0 0 1 0 0 1 0 0 0 0 0 0 0
3722 0 1 0 0 0 1 0 0 1 0 0 0 0 0 0 0 0 0
3724 1 0 0 0 0 0 0 0 0 0 0 0 0 0 0 0 0 0
3726 1 0 0 0 0 0 0 0 0 0 0 0 0 0 0 0 0 0
3727 1 0 0 0 0 0 0 0 0 0 0 0 0 0 0 0 0 0
3733 1 0 0 0 0 0 0 0 0 0 0 0 0 0 0 0 0 0
3735 0 0 0 0 0 1 0 0 1 0 0 0 0 0 0 0 0 0
3739 0 1 0 0 0 1 0 0 1 0 0 0 0 0 0 0 0 0
3743 1 0 0 0 0 0 0 0 0 0 0 0 0 0 0 0 0 0
3746 0 0 0 0 0 0 0 1 0 0 0 0 0 0 0 0 0 0
3750 1 0 0 0 0 0 0 0 0 0 0 1 0 0 0 0 0 0
3755 1 1 0 0 1 1 0 0 1 0 0 1 1 0 1 0 0 0
3769 1 0 0 0 0 0 0 0 0 0 0 0 0 0 0 0 0 0
3770 0 0 0 0 0 0 0 1 0 0 0 0 0 0 0 0 0 0
3771 1 0 0 0 0 0 0 0 0 0 0 0 0 0 0 0 0 0
3772 1 0 0 0 0 0 0 0 0 0 0 0 0 0 0 0 0 0
3777 1 0 0 0 0 0 0 0 0 0 0 1 1 0 0 0 0 0
3778 1 0 0 0 0 0 0 0 0 0 0 0 0 0 0 0 0 0
3786 1 0 0 0 0 0 0 0 0 0 0 0 0 0 0 0 0 0
3788 0 0 0 0 0 0 1 0 0 0 0 0 0 0 0 0 0 0
3790 1 0 0 0 0 0 0 0 1 0 0 0 0 0 0 0 0 0
3792 1 0 0 0 0 0 0 0 1 0 0 0 0 0 0 0 0 0
3793 0 0 0 0 0 0 0 0 1 0 0 0 0 0 0 0 0 0
3794 0 0 0 0 0 0 0 0 1 0 0 0 0 0 0 0 0 0
3798 1 0 0 0 0 0 0 0 0 0 0 0 0 0 0 0 0 0
3803 1 0 0 0 0 0 0 0 0 0 0 0 0 0 0 0 0 0
3804 0 0 0 0 0 0 0 1 0 0 0 0 0 0 0 0 0 0
3808 1 0 0 0 0 0 0 0 0 0 0 0 0 0 1 0 0 0
3811 1 0 0 0 0 0 0 0 0 0 0 0 0 0 1 0 0 0
3816 1 0 0 0 0 0 0 0 0 0 0 0 0 0 0 0 0 0
3819 0 0 0 0 0 0 0 0 1 0 0 0 0 0 0 0 0 0
3821 0 0 0 0 0 0 0 1 0 0 0 0 0 0 0 0 0 0
3822 1 0 0 0 0 0 0 0 0 0 0 0 0 0 0 0 0 0
3826 0 0 0 0 0 0 0 1 0 0 0 0 0 0 0 0 0 0
3829 0 0 0 0 0 0 1 0 0 0 0 0 0 0 0 0 0 0
3830 1 0 0 0 0 0 0 0 0 0 0 0 0 0 1 0 0 0
3831 1 0 0 0 0 0 0 0 0 0 0 0 0 0 0 0 0 0
3832 1 0 0 0 0 0 0 0 0 0 0 0 0 0 0 0 0 0
3833 0 0 0 0 0 0 0 1 0 0 0 0 0 0 0 0 0 0
3834 1 0 0 0 0 0 0 0 0 0 0 0 0 0 0 0 0 0
3835 1 0 0 0 0 0 0 0 0 0 0 0 0 0 0 0 0 0
3838 1 0 0 0 0 0 0 0 0 0 0 0 0 0 1 0 0 0
3844 1 0 0 0 0 0 0 0 0 0 0 0 0 0 0 0 0 0
3848 1 0 0 0 0 0 0 0 0 0 0 0 0 0 0 0 0 0
3852 1 0 0 0 0 0 0 0 1 0 0 0 0 0 0 0 0 0
3854 0 0 0 0 0 0 0 0 0 0 0 1 1 0 0 0 0 0
3855 1 0 0 0 0 0 0 0 0 0 0 0 0 0 0 0 0 0
3856 0 0 0 0 0 0 0 0 1 0 0 0 0 0 0 0 0 0
3857 1 0 0 0 0 0 0 0 1 0 0 0 0 0 0 0 0 0
3860 1 0 0 0 0 0 0 0 0 0 0 0 0 0 0 0 0 0
3861 1 0 0 0 0 0 0 0 0 0 0 0 0 0 1 0 0 0
3863 1 0 0 0 0 0 0 0 0 0 0 0 1 0 1 0 0 0
3865 0 0 0 1 0 0 0 0 0 0 0 0 0 0 1 0 0 0
3868 0 0 0 0 0 0 0 1 0 0 0 0 0 0 0 0 0 0
3871 0 0 0 0 0 0 0 1 0 0 0 0 0 0 0 0 0 0
3873 1 0 0 0 0 0 0 0 0 0 0 0 0 0 0 0 0 0
3875 1 0 0 0 0 0 0 0 1 0 0 0 0 0 1 0 0 0
3876 1 0 0 0 0 0 0 0 0 0 0 0 0 0 0 0 0 0
3877 1 0 0 0 0 0 0 0 0 0 0 0 0 0 0 0 0 0
3878 1 0 0 0 0 0 0 0 0 0 0 0 0 0 0 0 0 0
3883 0 0 0 0 0 0 1 0 0 0 0 0 0 0 0 0 0 0
3884 0 0 0 0 0 0 0 1 0 0 0 0 0 0 0 0 0 0
3886 0 0 0 0 0 0 1 0 0 0 0 0 0 0 0 0 0 0
3887 0 0 0 0 0 0 0 1 0 0 0 0 0 0 0 0 0 0
3888 0 0 0 0 0 0 0 1 0 0 0 0 0 0 0 0 0 0
3890 1 0 0 0 0 0 0 0 0 0 0 0 0 0 0 0 0 0
3892 1 0 0 0 0 0 0 0 0 0 0 0 0 0 0 0 0 0
3893 1 0 0 0 1 0 0 0 1 0 0 0 0 0 0 0 0 0
3894 1 0 0 0 0 0 0 0 0 0 0 0 0 0 0 0 0 0
3896 0 0 0 0 0 0 0 0 1 0 0 0 0 0 0 0 0 0
3898 0 0 0 0 0 0 0 1 0 0 0 0 0 0 0 0 0 0
3899 1 0 0 0 0 0 0 0 0 0 0 0 0 0 0 0 0 0
3902 0 0 0 0 0 0 0 1 0 0 0 0 0 0 0 0 0 0
3903 1 0 0 0 0 0 0 0 0 0 0 0 0 0 0 0 0 0
3904 0 1 0 0 0 1 0 0 0 0 0 0 0 0 0 0 0 0
3910 1 0 0 0 0 0 0 0 0 0 0 0 0 0 1 0 0 0
3911 1 0 0 0 0 0 0 0 0 0 0 0 0 0 0 0 0 0
3913 1 0 0 0 0 0 0 0 0 0 0 0 0 0 1 0 0 0
3921 0 0 0 0 0 0 0 0 1 0 0 0 0 0 0 0 0 0
3922 0 0 0 0 0 0 0 0 1 0 0 0 0 0 0 0 0 0
3925 1 0 0 0 0 0 0 0 0 0 0 0 0 0 1 0 0 0
3929 1 0 0 0 0 0 0 0 0 0 0 0 0 0 0 0 0 0
3930 0 0 0 0 0 0 1 0 0 0 0 0 0 0 0 0 0 0
3933 0 0 0 0 0 0 0 0 1 0 0 0 0 0 0 0 0 0
3936 1 0 0 0 0 0 0 0 1 0 0 0 0 0 1 0 0 0
3937 1 0 0 0 0 0 0 0 0 0 0 0 0 0 0 0 0 0
3941 1 0 0 0 0 0 0 0 0 0 0 0 0 0 0 0 0 0
3942 0 1 0 0 0 1 0 0 0 0 0 0 0 0 0 0 0 0
3944 1 0 0 0 0 0 0 0 0 0 0 0 0 0 0 0 0 0
3945 1 1 0 0 0 0 0 0 0 0 0 0 1 0 0 0 0 0
3946 1 0 0 0 0 0 0 0 0 0 0 0 0 0 0 0 0 0
3948 0 0 0 0 0 0 0 1 0 0 0 0 0 0 0 0 0 0
3952 1 0 0 0 0 0 0 0 0 0 0 0 0 0 1 0 0 0
3975 1 0 0 0 0 0 0 0 0 0 0 0 0 0 0 0 0 0
3986 1 0 0 0 0 0 1 0 0 0 0 0 0 0 0 0 0 0
3988 0 0 0 0 1 0 0 0 0 0 0 0 0 0 0 0 0 0
3991 0 0 0 0 0 0 0 1 0 0 0 0 0 0 0 0 0 0
3993 0 0 0 0 0 0 0 1 0 0 0 0 0 0 0 0 0 0
3994 0 0 0 0 0 0 0 1 0 0 0 0 0 0 0 0 0 0
3996 1 0 0 0 0 0 0 0 0 0 0 0 1 0 0 0 0 0
4011 0 0 0 0 0 0 0 0 0 0 0 1 1 0 0 0 0 0
4016 0 0 0 0 0 0 0 0 1 0 0 0 0 0 0 0 0 0
4021 0 0 0 0 0 0 1 0 0 0 0 0 0 0 0 0 0 0
4022 1 0 0 0 0 0 0 0 0 0 0 1 0 0 0 0 0 0
4024 0 1 0 0 0 1 0 0 0 0 0 0 0 0 0 0 0 0
4029 0 1 0 0 0 1 0 0 1 0 0 0 0 0 0 0 0 0
4033 1 0 0 0 0 0 0 0 0 0 0 0 0 0 0 0 0 0
4041 1 0 0 0 0 0 1 0 0 0 0 0 0 0 0 0 0 0
4046 0 0 0 0 0 0 0 0 1 0 0 0 0 0 0 0 0 0
4047 1 0 0 0 0 0 0 0 0 0 0 0 0 0 0 0 0 0
4058 1 0 0 0 0 0 0 0 0 0 0 0 0 0 0 0 0 0
4060 1 0 0 0 0 0 0 0 0 0 0 0 0 0 0 0 0 0
4066 1 0 0 0 0 0 0 0 1 0 0 0 0 0 1 0 0 0
4067 1 0 0 0 0 0 0 0 0 0 0 0 0 0 0 0 0 0
4076 1 0 0 0 0 0 0 0 0 0 0 0 0 0 0 0 0 0
4079 1 0 0 0 0 0 0 0 1 0 0 0 0 0 0 0 0 0
4080 1 0 0 0 0 0 0 0 0 0 0 0 0 0 0 0 0 0
4081 1 0 0 0 0 0 0 0 1 0 0 0 0 0 0 0 0 0
4086 1 0 0 0 0 0 0 0 0 0 0 0 1 0 0 0 0 0
4088 1 0 0 0 0 0 0 0 0 0 0 0 0 0 0 0 0 0
4091 1 0 0 0 0 0 0 0 0 0 0 0 0 0 0 0 0 0
4093 1 0 0 0 0 0 0 0 0 0 0 0 0 0 0 0 0 0
4094 1 1 0 0 0 0 0 0 0 0 0 0 0 0 0 0 0 0
4095 1 0 0 0 0 0 0 0 0 0 0 1 0 0 1 0 0 0
4097 1 0 0 0 0 0 0 0 0 0 0 0 0 0 0 0 0 0
4098 1 0 0 0 1 0 0 0 0 0 0 0 0 0 1 0 0 0
4099 0 0 0 0 0 0 0 1 0 0 0 0 0 0 0 0 0 0
4100 0 1 0 0 0 1 0 0 0 0 0 0 0 0 0 0 0 0
4101 1 0 0 0 0 0 0 0 1 0 0 0 0 0 1 0 0 0
4104 0 0 0 0 0 0 0 1 0 0 0 0 0 0 0 0 0 0
4106 1 0 0 0 0 0 0 0 0 0 0 0 0 0 0 0 0 0
4108 1 0 0 0 0 0 0 0 0 0 0 0 0 0 0 0 0 0
4110 1 0 0 0 0 0 0 0 0 0 0 0 0 0 0 0 0 0
4111 0 0 0 0 0 0 0 0 1 0 0 0 0 0 0 0 0 0
4113 0 0 0 0 0 0 0 1 0 0 1 0 0 0 0 0 0 0
4115 1 0 0 0 0 0 0 0 0 0 0 0 0 0 0 0 0 0
4117 1 0 0 0 0 0 0 0 0 0 0 0 0 0 0 0 0 0
4119 1 0 0 0 0 0 0 0 0 0 0 0 0 0 0 0 0 0
4121 0 0 0 0 1 0 0 0 0 0 0 0 0 0 0 0 0 0
4130 1 0 0 0 0 0 0 0 0 0 0 0 0 0 1 0 0 0
4139 0 0 0 0 0 0 0 0 0 0 0 0 0 0 1 0 0 0
4141 1 0 0 0 0 0 0 1 1 0 1 0 0 0 1 0 0 0
4143 0 0 0 0 0 0 0 0 1 0 0 0 0 0 0 0 0 0
4148 0 0 0 0 0 0 0 0 1 0 0 0 0 0 0 0 0 0
4154 0 0 0 0 0 0 0 0 0 0 1 0 0 0 1 0 0 0
4155 1 0 0 0 0 0 0 0 0 0 0 0 0 0 0 0 0 0
4156 1 0 0 0 0 0 0 0 1 0 0 0 0 0 0 0 0 0
4160 1 0 0 0 0 0 0 0 0 0 0 0 0 0 0 0 0 0
4162 1 0 0 0 0 0 0 0 0 0 0 0 0 0 0 0 0 0
4166 1 0 0 0 0 0 0 0 0 0 0 0 0 0 0 0 0 0
4169 1 0 0 0 0 0 0 0 0 0 0 0 0 0 0 0 0 0
4170 0 0 0 0 0 0 0 1 0 0 0 0 0 0 0 0 0 0
4172 0 1 0 0 0 1 0 0 1 0 0 0 0 0 0 0 0 0
4176 0 0 0 0 0 0 0 1 0 0 0 0 0 0 0 0 0 0
4179 0 0 0 0 0 0 0 0 0 0 1 0 0 0 0 0 0 0
4187 0 0 0 0 0 0 0 0 0 0 1 0 0 0 0 0 0 0
4189 1 0 0 0 0 0 0 0 0 0 0 0 0 0 0 0 0 0
4190 1 0 0 0 0 0 0 0 0 0 0 0 0 0 0 0 0 0
4191 1 0 0 0 0 0 0 0 0 0 0 0 0 0 0 0 0 0
4192 1 0 0 0 0 0 0 0 0 0 0 0 0 0 0 0 0 0
4198 1 0 0 0 0 0 1 0 0 0 0 0 0 0 0 0 0 0
4199 0 1 0 0 0 1 0 0 0 0 0 0 0 0 0 0 0 0
4202 1 0 0 0 0 0 0 0 0 0 0 0 0 0 0 0 0 0
4204 1 0 0 0 0 0 0 0 0 0 0 1 0 0 0 0 0 0
4205 1 0 0 0 0 0 0 0 0 0 0 0 0 0 1 0 0 0
4209 1 0 0 0 0 0 0 0 0 0 0 0 0 0 0 0 0 0
4211 0 0 0 0 0 0 0 1 0 0 0 0 0 0 0 0 0 0
4212 0 0 0 0 0 0 0 0 0 0 1 0 0 0 0 0 0 0
4218 1 0 0 0 0 0 0 0 0 0 0 0 0 0 0 0 0 0
4219 1 0 0 0 0 0 0 0 0 0 0 0 0 0 0 0 0 0
4226 1 0 0 0 0 0 0 0 0 0 0 0 0 0 0 0 0 0
4240 0 0 0 0 0 0 0 1 0 0 0 0 0 0 0 0 0 0
4241 1 1 0 0 0 0 0 0 0 0 0 0 0 0 0 0 0 0
4247 0 0 0 0 0 0 0 0 1 0 0 0 0 0 0 0 0 0
4249 1 0 0 0 0 0 0 0 1 0 0 0 0 0 1 0 0 0
4250 0 0 0 0 0 0 0 0 1 0 0 0 0 0 0 0 0 0
4255 1 0 0 0 0 0 0 0 0 0 0 0 0 0 0 0 0 0
4257 0 0 0 0 0 0 0 0 0 0 0 0 0 0 1 0 0 0
4260 1 0 0 0 0 0 0 0 0 0 0 0 0 0 0 0 0 0
4262 1 0 0 0 0 0 0 0 0 0 0 0 0 0 0 0 0 0
4263 1 0 0 0 0 0 0 0 0 0 0 0 0 0 0 0 0 0
4264 0 0 0 0 0 0 0 0 1 0 0 0 0 0 0 0 0 0
4269 1 0 0 0 0 0 0 0 0 0 0 1 0 0 0 0 0 0
4273 0 0 0 0 0 0 1 0 0 0 0 0 0 0 0 0 0 0
4274 0 0 0 0 0 0 0 1 0 0 0 0 0 0 0 0 0 0
4277 0 0 0 0 0 0 0 1 0 0 0 0 0 0 0 0 0 0
4285 1 0 0 0 0 0 0 0 0 0 0 0 0 0 0 0 0 0
4287 0 1 0 0 0 1 0 0 0 0 0 0 0 0 0 0 0 0
4291 1 0 0 0 0 0 0 0 0 0 0 0 0 0 0 0 0 0
4293 0 0 0 0 0 0 0 1 0 0 0 0 0 0 0 0 0 0
4295 1 0 0 0 0 0 0 0 0 0 0 0 0 0 0 0 0 0
4297 0 0 0 0 0 0 0 0 1 0 0 0 0 0 0 0 0 0
4304 0 0 0 0 0 0 0 0 1 0 0 0 0 0 0 0 0 0
4305 0 0 0 0 0 0 0 1 0 0 0 0 0 0 0 0 0 0
4314 0 0 0 0 0 0 0 1 0 0 0 0 0 0 0 0 0 0
4317 0 0 0 0 0 0 0 1 0 0 0 0 0 0 0 0 0 0
4321 1 0 0 0 0 0 0 0 0 0 0 0 0 0 0 0 0 0
4322 0 0 0 0 1 0 0 0 0 0 0 0 0 0 0 0 0 0
4324 1 0 1 0 1 0 0 0 0 0 0 0 1 0 1 0 0 0
4325 0 0 0 0 0 0 0 0 0 0 0 0 0 0 0 1 0 0
4328 1 0 0 0 1 0 0 0 0 0 0 0 0 0 0 0 0 0
4331 0 0 0 0 0 0 0 0 1 0 0 0 0 0 0 0 0 0
4332 0 0 0 0 0 1 0 0 0 0 0 0 0 0 0 0 0 0
4334 0 0 0 0 0 0 0 1 0 0 0 0 0 0 0 0 0 0
4336 0 0 0 0 0 1 0 0 0 0 0 0 0 0 0 0 0 0
4338 1 0 0 0 0 0 0 0 1 0 0 0 0 0 1 0 0 0
4339 0 0 0 0 0 0 0 0 1 0 0 1 0 0 0 0 0 0
4342 0 0 0 0 0 0 1 0 1 0 0 0 0 0 0 0 0 0
4348 1 0 0 0 0 0 0 0 0 0 0 1 0 0 0 0 0 0
4349 1 0 0 0 0 0 0 0 0 0 0 1 0 0 1 0 0 0
4351 0 0 0 0 0 0 0 1 0 0 0 0 0 0 0 0 0 0
4359 1 0 0 0 0 1 0 0 0 0 0 0 0 0 1 0 0 0
4360 1 0 0 0 0 0 0 0 0 0 0 0 0 0 0 0 0 0
4365 0 0 0 0 0 0 0 0 1 0 0 0 0 0 0 0 0 0
4368 0 0 0 0 0 0 0 0 0 0 0 0 0 0 0 1 0 0
4377 1 0 0 0 0 0 0 0 0 0 0 0 0 0 0 0 0 0
4378 1 0 0 0 0 0 0 0 0 0 0 0 0 0 0 0 0 0
4380 1 0 0 0 0 0 0 0 0 0 0 0 1 0 1 0 0 0
4389 0 1 0 0 0 0 0 0 0 0 0 0 0 0 0 0 0 0
4391 1 0 0 0 0 0 0 0 0 0 0 0 0 0 0 0 0 0
4396 1 0 0 0 0 0 0 0 0 0 0 0 0 0 0 0 0 0
4400 1 0 0 0 0 0 0 0 1 0 0 0 0 0 0 0 0 0
4404 1 0 0 0 0 0 0 0 1 0 0 0 0 0 1 0 0 0
4406 1 0 0 0 0 0 0 0 0 0 0 0 0 0 0 0 0 0
4407 1 0 0 0 0 0 0 0 0 0 0 0 0 0 0 0 0 0
4408 1 0 0 0 0 0 0 0 0 0 0 0 0 0 0 0 0 0
4411 1 0 0 0 0 0 0 0 0 0 0 0 0 0 0 0 0 0
4414 0 0 0 0 0 1 0 0 0 0 0 0 0 0 0 0 0 0
4418 0 0 0 0 0 0 0 1 0 0 0 0 0 0 0 0 0 0
4419 1 0 0 0 0 0 0 0 0 0 0 0 0 0 0 0 0 0
4420 0 0 0 0 0 0 0 0 1 0 0 0 0 0 0 0 0 0
4423 1 0 0 0 0 0 0 0 0 0 0 0 0 0 0 0 0 0
4428 0 0 0 0 0 0 1 0 0 0 0 0 0 0 0 0 0 0
4430 1 0 0 0 0 0 0 1 0 0 0 0 0 0 0 0 0 0
4434 0 0 0 0 0 0 0 1 0 0 0 0 0 0 0 0 0 0
4435 0 0 0 0 0 0 0 1 0 0 0 0 0 0 0 0 0 0
4437 0 0 0 0 0 0 0 1 0 0 0 0 0 0 0 0 0 0
4444 1 0 0 0 0 0 0 0 0 0 0 0 0 0 0 0 0 0
4445 1 0 0 0 0 0 0 0 0 0 0 0 0 0 0 0 0 0
4447 0 0 0 0 0 0 0 1 0 0 0 0 0 0 0 0 0 0
4448 0 0 0 0 0 0 0 0 1 0 0 0 0 0 0 0 0 0
4462 0 1 0 0 0 1 0 0 0 0 0 0 0 0 0 0 0 0
4464 0 0 0 0 0 0 0 0 1 0 0 0 0 0 0 0 0 0
4465 1 0 0 0 0 0 0 0 0 0 0 0 0 0 0 0 0 0
4466 0 0 0 0 0 0 1 0 0 0 0 0 0 0 0 0 0 0
4470 1 0 0 0 0 0 0 0 0 0 0 0 0 0 0 0 0 0
4473 0 0 0 0 0 0 0 0 0 0 1 0 0 0 0 0 0 0
4475 1 0 0 0 0 0 0 0 1 0 0 0 0 0 1 0 0 0
4477 0 0 0 0 0 0 0 1 0 0 0 0 0 0 0 0 0 0
4486 0 0 0 0 0 0 0 1 0 0 0 0 0 0 0 0 0 0
4489 1 0 0 0 0 0 0 0 0 0 0 0 0 0 0 0 0 0
4490 0 0 0 0 1 0 0 0 0 0 0 0 0 0 0 0 0 0
4492 1 0 0 0 0 0 0 0 0 0 0 0 0 0 0 0 0 0
4495 1 0 0 0 0 0 0 0 0 0 0 0 0 0 0 0 0 0
4496 1 0 0 0 0 0 0 0 0 0 0 0 0 0 1 0 0 0
4503 1 0 0 0 0 0 0 0 0 0 0 0 0 0 0 0 0 0
4508 0 0 0 0 0 0 0 1 0 0 0 0 0 0 0 0 0 0
4510 1 0 0 0 0 0 0 0 0 0 0 0 0 0 1 0 0 0
4517 0 0 0 0 0 0 0 1 0 0 0 0 0 0 0 0 0 0
4518 1 0 0 0 0 0 0 0 1 0 0 0 0 0 1 0 0 0
4520 1 0 0 0 0 0 0 0 0 0 0 0 0 0 1 0 0 0
4525 1 0 0 0 0 0 0 0 0 0 0 0 1 0 0 0 0 0
4526 1 0 0 0 0 0 0 0 0 0 0 0 0 0 0 0 0 0
4527 0 0 0 0 0 0 0 0 0 0 1 0 0 0 0 0 0 0
4530 1 0 0 0 0 0 0 0 0 0 0 0 0 0 0 0 0 0
4531 1 1 0 0 0 0 0 0 0 0 0 0 0 0 1 0 0 0
4532 0 0 0 0 0 0 0 1 0 0 0 0 0 0 0 0 0 0
4533 0 0 0 0 0 0 0 1 0 0 0 0 0 0 0 0 0 0
4534 0 1 0 0 0 1 0 0 0 0 0 0 0 0 0 0 0 0
4535 1 0 0 0 0 0 0 0 0 0 0 0 0 0 1 0 0 0
4537 1 0 0 0 0 0 0 0 0 0 0 0 0 0 0 0 0 0
4543 1 0 0 0 0 0 0 0 0 0 0 0 0 0 0 0 0 0
4549 1 0 0 0 0 0 0 0 0 0 0 1 0 0 0 0 0 0
4551 0 0 0 0 1 0 0 0 0 0 0 0 0 0 0 0 0 0
4562 0 0 0 0 0 0 0 0 1 0 0 0 0 0 0 0 0 0
4563 0 0 0 0 0 0 0 0 1 0 0 0 0 0 0 0 0 0
4564 1 0 0 0 0 0 0 0 0 0 0 1 0 0 0 0 0 0
4567 0 0 0 0 0 0 0 1 0 0 0 0 0 0 0 0 0 0
4569 1 0 0 0 0 0 0 1 0 0 0 0 0 0 0 0 0 0
4571 1 0 0 0 0 0 0 0 0 0 0 1 0 0 1 0 0 0
4572 0 0 0 0 0 0 0 1 0 0 0 0 0 0 0 0 0 0
4573 0 0 0 0 0 0 0 0 1 0 0 0 0 0 0 0 0 0
4576 0 0 0 0 0 0 0 1 0 0 0 0 0 0 0 0 0 0
4577 1 0 0 0 0 0 0 0 0 0 0 0 0 0 1 0 0 0
4579 0 0 0 0 0 0 0 1 0 0 0 0 0 0 0 0 0 0
4582 0 0 0 0 0 0 0 0 1 0 0 0 0 0 0 0 0 0
4587 1 0 0 0 0 0 0 0 0 0 0 0 0 0 0 0 0 0
4596 1 0 0 0 0 0 0 0 0 0 0 0 0 0 0 0 0 0
4598 0 0 0 0 0 0 0 1 0 0 0 0 0 0 0 0 0 0
4599 0 0 0 0 1 0 0 0 0 0 0 0 0 0 0 0 0 0
4600 0 0 0 0 0 0 0 1 0 0 0 0 0 0 0 0 0 0
4601 0 0 0 0 0 0 0 1 0 0 0 0 0 0 0 0 0 0
4602 0 1 0 0 0 0 0 0 0 0 0 0 0 0 0 0 0 0
4604 1 0 0 0 0 0 0 0 0 0 0 0 0 0 0 0 0 0
4605 1 0 0 0 0 0 0 0 0 0 0 0 0 0 0 0 0 0
4606 0 0 0 0 0 0 0 1 0 0 0 0 0 0 0 0 0 0
4613 1 0 0 0 0 0 0 0 0 0 0 0 0 0 0 0 0 0
4614 0 0 0 0 0 0 0 0 1 0 0 0 0 0 0 0 0 0
4616 1 0 0 0 0 0 1 0 0 0 0 0 0 0 0 0 0 0
4617 0 0 0 0 0 0 0 0 1 0 0 0 0 0 0 0 0 0
4620 1 0 0 0 0 0 0 0 0 0 0 0 0 0 0 0 0 0
4621 1 0 0 0 0 0 0 0 0 0 0 0 0 0 0 0 0 0
4622 0 0 0 0 0 0 0 0 1 0 0 0 0 0 0 0 0 0
4623 1 0 0 0 0 0 0 0 0 0 0 0 0 0 0 0 0 0
4624 0 0 0 0 0 0 0 1 0 0 0 0 0 0 0 0 0 0
4625 1 0 0 0 0 0 0 0 0 0 0 0 0 0 0 0 0 0
4632 1 0 0 0 0 0 0 0 0 0 0 0 0 0 0 0 0 0
4634 1 0 0 0 0 0 0 0 0 0 0 0 0 0 0 0 0 0
4638 1 0 0 0 0 0 0 0 0 0 0 0 0 0 0 0 0 0
4642 0 0 0 0 0 0 0 1 0 0 0 0 0 0 0 0 0 0
4651 1 0 0 0 0 0 0 0 0 0 0 0 1 0 0 0 0 0
4657 1 0 0 0 0 0 0 0 0 0 0 0 1 0 1 0 0 0
4660 0 0 0 0 0 0 0 0 0 0 1 0 0 0 0 0 0 0
4662 1 0 0 0 0 0 0 0 0 0 0 0 0 0 1 0 0 0
4663 1 0 0 0 0 0 0 0 0 0 0 0 0 0 0 0 0 0
4664 0 0 0 0 0 0 0 0 1 0 0 0 0 0 0 0 0 0
4665 0 0 0 0 0 0 0 0 1 0 0 0 0 0 0 0 0 0
4668 1 0 0 0 0 0 0 0 0 0 0 0 0 0 0 0 0 0
4669 1 0 0 0 0 0 0 0 0 0 0 0 0 0 1 0 0 0
4673 1 0 0 0 0 0 0 0 0 0 0 0 0 0 0 0 0 0
4675 0 0 0 0 0 0 0 1 0 0 1 0 0 0 0 0 0 0
4677 0 0 0 0 0 0 0 1 0 0 0 0 0 0 0 0 0 0
4678 0 0 0 0 0 0 0 0 1 0 0 0 0 0 0 0 0 0
4682 1 0 0 0 0 0 0 0 0 0 0 0 0 0 0 0 0 0
4689 0 1 0 0 0 1 0 0 0 0 0 0 0 0 0 0 0 0
4690 0 1 0 0 0 1 0 0 0 0 0 0 0 0 0 0 0 0
4691 0 0 0 0 0 0 0 1 0 0 0 0 0 0 0 0 0 0
4694 0 0 0 0 0 0 0 1 0 0 0 0 0 0 0 0 0 0
4696 0 0 0 0 0 0 0 1 0 0 0 0 0 0 0 0 0 0
4699 1 0 0 0 0 0 0 0 0 0 0 0 0 0 0 0 0 0
4707 0 0 0 0 0 0 0 0 0 0 0 0 0 0 1 0 0 0
4708 1 0 0 0 0 0 0 0 0 0 0 0 0 0 1 0 0 0
4711 1 0 0 0 0 0 0 0 0 0 0 0 0 0 1 0 0 0
4714 0 0 0 0 0 0 0 1 0 0 0 0 0 0 0 0 0 0
4731 1 0 0 0 0 0 0 0 0 0 0 0 0 0 0 0 0 0
4732 1 0 0 0 0 0 0 0 0 0 0 1 0 0 0 0 0 0
4734 1 0 0 0 0 0 0 0 0 0 0 0 0 0 0 0 0 0
4736 1 0 0 0 0 0 0 0 0 0 0 0 0 0 0 0 0 0
4751 1 0 0 0 0 0 0 0 0 0 0 0 0 0 0 0 0 0
4753 0 1 0 0 0 1 0 0 0 0 0 0 0 0 0 0 0 0
4754 1 0 0 0 0 0 0 0 1 0 0 0 0 0 0 0 0 0
4755 0 0 0 0 0 0 1 0 0 0 0 0 0 0 0 0 0 0
4756 1 0 0 0 0 0 0 0 0 0 0 0 0 0 0 0 0 0
4759 1 0 0 0 0 0 0 0 0 0 0 0 0 0 0 0 0 0
4760 0 0 0 0 0 0 0 0 0 0 0 0 0 0 1 0 0 0
4767 1 0 0 0 0 0 0 0 0 0 0 0 0 0 1 0 0 0
4768 0 0 0 0 0 0 0 1 0 0 0 0 0 0 0 0 0 0
