node component_label
1 0
3 0
2054 0
4105 0
11 0
2061 0
18 0
19 0
21 0
2071 0
25 0
26 0
30 0
31 0
4127 0
33 0
35 0
36 0
4131 0
4134 0
39 0
2088 0
2089 0
4136 0
45 0
4144 0
49 0
4145 0
54 0
58 0
60 0
62 0
4158 0
2112 0
4161 0
68 0
71 0
2120 0
2121 0
74 0
75 0
2124 0
4167 0
81 0
82 0
4178 0
4183 0
88 0
4184 0
90 0
4185 0
94 0
99 0
100 0
2152 0
2153 0
2154 0
4201 0
4207 0
2160 0
2161 0
114 0
2162 0
116 0
117 0
2165 0
120 0
124 0
4220 0
4224 0
131 0
2179 0
4228 0
4232 0
4233 0
4234 0
4236 0
2190 0
4238 0
144 0
145 0
2193 0
2194 0
4242 0
2198 0
4248 0
2202 0
4252 0
4256 0
161 0
163 0
4261 0
2216 0
4266 0
172 0
4268 0
2223 0
2224 0
4271 0
4275 0
2231 0
184 0
4286 0
191 0
192 0
193 0
194 0
2239 0
2240 0
2243 0
2246 0
199 0
2248 0
4288 0
202 0
4292 0
4294 0
205 0
206 0
4298 0
4300 0
210 0
2258 0
2259 0
2261 0
2262 0
215 0
2264 0
217 0
218 0
4311 0
2268 0
221 0
2269 0
4312 0
4313 0
225 0
226 0
4316 0
228 0
4318 0
230 0
2279 0
2280 0
4320 0
2282 0
236 0
237 0
240 0
2289 0
4337 0
2292 0
2294 0
4353 0
4355 0
2308 0
2309 0
2310 0
2311 0
4356 0
266 0
267 0
2315 0
2317 0
4369 0
4375 0
282 0
4381 0
2336 0
2338 0
4386 0
2340 0
2341 0
4390 0
4393 0
299 0
301 0
4398 0
303 0
2352 0
305 0
2353 0
307 0
2356 0
4399 0
4405 0
4409 0
4410 0
4412 0
318 0
319 0
2368 0
2369 0
4421 0
4424 0
2380 0
333 0
336 0
4429 0
4432 0
341 0
2389 0
4439 0
2393 0
2394 0
4441 0
4442 0
2397 0
4443 0
2399 0
4446 0
2401 0
2404 0
357 0
2405 0
2407 0
2408 0
4456 0
2410 0
4457 0
365 0
4458 0
4459 0
368 0
2418 0
4469 0
374 0
376 0
2425 0
383 0
4480 0
2433 0
4482 0
388 0
4484 0
4485 0
392 0
2441 0
395 0
396 0
2444 0
4491 0
399 0
2448 0
4498 0
4500 0
4501 0
2456 0
409 0
410 0
2458 0
2459 0
2461 0
414 0
4504 0
4505 0
417 0
2465 0
2470 0
423 0
424 0
425 0
2472 0
428 0
429 0
430 0
2476 0
4528 0
433 0
434 0
2483 0
2484 0
439 0
4536 0
2490 0
4540 0
447 0
448 0
4544 0
4546 0
4548 0
4552 0
457 0
4555 0
4556 0
2509 0
4559 0
4560 0
465 0
467 0
470 0
471 0
2519 0
475 0
476 0
478 0
479 0
480 0
481 0
482 0
2527 0
2528 0
2533 0
4575 0
4586 0
4588 0
493 0
2541 0
495 0
4591 0
2545 0
498 0
4593 0
2548 0
2551 0
2552 0
505 0
507 0
2557 0
510 0
2558 0
4611 0
4612 0
519 0
2571 0
2572 0
4619 0
526 0
527 0
528 0
4627 0
4628 0
2582 0
2585 0
4635 0
542 0
2592 0
2593 0
2595 0
2596 0
2597 0
4644 0
551 0
2600 0
4647 0
4652 0
559 0
2610 0
4658 0
2613 0
4667 0
2622 0
4670 0
4672 0
578 0
4676 0
2629 0
2631 0
4681 0
4687 0
2640 0
4688 0
594 0
2643 0
4692 0
597 0
2645 0
2647 0
600 0
601 0
2650 0
4693 0
604 0
2652 0
606 0
607 0
4698 0
609 0
4700 0
4704 0
4705 0
2661 0
4709 0
615 0
4710 0
4712 0
4713 0
2667 0
2668 0
2669 0
624 0
4723 0
630 0
4726 0
632 0
2681 0
637 0
4738 0
2691 0
646 0
647 0
4747 0
2700 0
654 0
4752 0
661 0
663 0
666 0
4763 0
4764 0
2720 0
4773 0
2727 0
4775 0
4776 0
685 0
2734 0
689 0
691 0
2740 0
693 0
695 0
696 0
2743 0
699 0
702 0
705 0
2756 0
709 0
710 0
2757 0
2761 0
2762 0
2763 0
2765 0
718 0
2767 0
720 0
2772 0
726 0
731 0
733 0
2785 0
2786 0
743 0
745 0
752 0
2800 0
2805 0
761 0
762 0
774 0
2822 0
782 0
784 0
2833 0
786 0
787 0
2835 0
2837 0
790 0
792 0
793 0
2840 0
2841 0
796 0
797 0
2847 0
2848 0
2849 0
2853 0
806 0
808 0
2856 0
810 0
826 0
2874 0
829 0
2878 0
2879 0
832 0
833 0
2881 0
2883 0
2888 0
843 0
844 0
2891 0
850 0
2902 0
2907 0
860 0
861 0
2910 0
868 0
880 0
2928 0
2930 0
883 0
884 0
2933 0
2936 0
2937 0
890 0
891 0
892 0
2938 0
894 0
900 0
902 0
2951 0
2955 0
2956 0
2957 0
911 0
913 0
920 0
2971 0
2973 0
927 0
929 0
930 0
931 0
932 0
933 0
2978 0
2981 0
2988 0
2989 0
942 0
2991 0
944 0
945 0
946 0
2993 0
2994 0
949 0
950 0
951 0
952 0
2997 0
954 0
957 0
958 0
959 0
3009 0
3010 0
966 0
3017 0
971 0
3021 0
3023 0
979 0
986 0
3034 0
3036 0
3039 0
992 0
3040 0
995 0
3047 0
3061 0
3062 0
3063 0
3067 0
1026 0
3074 0
1033 0
3085 0
1038 0
3089 0
1043 0
3099 0
3102 0
1055 0
3108 0
3116 0
1071 0
1079 0
3128 0
1081 0
3129 0
1084 0
1087 0
3139 0
1092 0
3145 0
1099 0
4289 0
1103 0
1104 0
1105 0
3151 0
3152 0
1108 0
1110 0
3159 0
1118 0
1132 0
3182 0
1140 0
1143 0
3191 0
3192 0
3193 0
1154 0
3202 0
3206 0
1159 0
3208 0
1163 0
1165 0
3214 0
1168 0
3221 0
3222 0
3223 0
1176 0
1178 0
1180 0
1181 0
1182 0
1186 0
3234 0
3242 0
3246 0
1199 0
1202 0
3255 0
3257 0
1211 0
3262 0
1216 0
3264 0
3269 0
1223 0
1226 0
3275 0
3276 0
3277 0
3280 0
1241 0
1250 0
4319 0
1252 0
1253 0
1254 0
3304 0
1257 0
3305 0
3307 0
1261 0
3313 0
1267 0
3320 0
1275 0
1283 0
3333 0
3343 0
1299 0
1300 0
3347 0
3351 0
3352 0
1305 0
1306 0
1307 0
3355 0
3356 0
3358 0
1312 0
3360 0
1314 0
3361 0
3365 0
1318 0
1325 0
1326 0
1328 0
3377 0
1336 0
3389 0
1343 0
3391 0
3394 0
1349 0
3398 0
3399 0
1361 0
1362 0
3411 0
1364 0
1368 0
3416 0
3417 0
3426 0
3427 0
3432 0
3434 0
1389 0
3438 0
1391 0
1395 0
1401 0
3452 0
1407 0
3457 0
3461 0
1416 0
3466 0
3468 0
1428 0
3476 0
1443 0
3493 0
3496 0
1450 0
3500 0
1453 0
1455 0
1456 0
3503 0
3505 0
3510 0
3514 0
3515 0
1469 0
1476 0
3527 0
1480 0
1482 0
3550 0
3551 0
3552 0
1508 0
3556 0
3565 0
1519 0
3567 0
3569 0
1525 0
1533 0
1535 0
3585 0
3586 0
1539 0
3590 0
1544 0
1545 0
1553 0
3601 0
1557 0
1558 0
1560 0
1564 0
1571 0
3626 0
3628 0
1581 0
3630 0
1589 0
1590 0
3637 0
1597 0
3646 0
1599 0
3647 0
3650 0
1603 0
1607 0
1609 0
3666 0
1619 0
3667 0
1621 0
3668 0
3670 0
3672 0
3674 0
1627 0
3680 0
3683 0
1641 0
3690 0
1644 0
1658 0
3706 0
3716 0
3720 0
3721 0
3732 0
1692 0
1694 0
3747 0
3748 0
3752 0
3753 0
1709 0
3757 0
3760 0
3761 0
1714 0
3763 0
1718 0
1719 0
1720 0
3766 0
3768 0
1724 0
1726 0
3775 0
1728 0
3776 0
1732 0
3782 0
3783 0
3784 0
3785 0
1739 0
1740 0
3789 0
1744 0
1747 0
3795 0
3796 0
3797 0
1755 0
3806 0
1759 0
3815 0
3820 0
1773 0
1776 0
1779 0
1783 0
3836 0
1791 0
1793 0
1798 0
1800 0
1802 0
3851 0
1804 0
1805 0
3853 0
3864 0
1817 0
1820 0
3869 0
1822 0
1824 0
1832 0
1837 0
1841 0
3889 0
1848 0
1849 0
1850 0
3900 0
1855 0
1857 0
3907 0
1861 0
1862 0
3909 0
3914 0
3915 0
3916 0
3917 0
1870 0
3918 0
3919 0
3931 0
1886 0
3935 0
1891 0
1892 0
1894 0
3943 0
1897 0
1898 0
1901 0
1902 0
3950 0
1905 0
3953 0
3954 0
3955 0
3957 0
3959 0
1912 0
1915 0
3962 0
3964 0
1920 0
1921 0
1922 0
3967 0
3969 0
3972 0
3974 0
3976 0
3981 0
3982 0
1935 0
1936 0
3983 0
3984 0
1939 0
3990 0
3992 0
1948 0
1953 0
4002 0
4003 0
4004 0
4005 0
1961 0
1962 0
4010 0
4013 0
1967 0
1971 0
4019 0
4026 0
1979 0
1981 0
1983 0
1985 0
4037 0
1990 0
4040 0
4044 0
1998 0
1999 0
2001 0
4049 0
4051 0
4053 0
4054 0
4056 0
4057 0
4059 0
4062 0
4063 0
4064 0
2018 0
2020 0
4069 0
4071 0
4072 0
4075 0
2028 0
2031 0
2034 0
4085 0
2039 0
4090 0
0 1
9 1
10 1
12 1
13 1
14 1
17 1
20 1
32 1
34 1
37 1
38 1
40 1
41 1
43 1
52 1
56 1
57 1
59 1
65 1
70 1
72 1
76 1
78 1
79 1
80 1
95 1
96 1
98 1
102 1
104 1
108 1
109 1
112 1
113 1
115 1
121 1
132 1
133 1
134 1
139 1
140 1
142 1
143 1
146 1
148 1
151 1
152 1
158 1
160 1
162 1
164 1
165 1
166 1
170 1
171 1
177 1
178 1
181 1
197 1
198 1
200 1
201 1
203 1
207 1
211 1
219 1
229 1
233 1
239 1
250 1
251 1
253 1
260 1
262 1
263 1
264 1
265 1
269 1
273 1
274 1
278 1
291 1
295 1
306 1
310 1
312 1
313 1
314 1
315 1
316 1
317 1
320 1
323 1
324 1
331 1
332 1
337 1
342 1
345 1
346 1
347 1
348 1
349 1
352 1
354 1
355 1
358 1
364 1
375 1
384 1
385 1
387 1
397 1
401 1
402 1
403 1
405 1
408 1
411 1
418 1
420 1
421 1
435 1
436 1
441 1
442 1
443 1
444 1
445 1
449 1
450 1
453 1
458 1
462 1
463 1
464 1
477 1
483 1
486 1
489 1
492 1
497 1
500 1
501 1
502 1
503 1
504 1
506 1
512 1
514 1
520 1
523 1
524 1
525 1
529 1
531 1
532 1
533 1
536 1
537 1
539 1
540 1
541 1
544 1
546 1
547 1
548 1
549 1
550 1
554 1
555 1
558 1
560 1
561 1
562 1
563 1
564 1
569 1
574 1
576 1
577 1
581 1
582 1
584 1
586 1
589 1
596 1
610 1
613 1
614 1
616 1
622 1
626 1
627 1
631 1
636 1
638 1
640 1
641 1
643 1
644 1
649 1
664 1
667 1
671 1
672 1
673 1
676 1
677 1
679 1
681 1
683 1
686 1
694 1
700 1
703 1
713 1
716 1
717 1
719 1
721 1
724 1
725 1
727 1
728 1
730 1
732 1
734 1
735 1
738 1
739 1
741 1
742 1
744 1
753 1
754 1
755 1
756 1
760 1
768 1
770 1
771 1
773 1
783 1
789 1
791 1
798 1
799 1
800 1
801 1
802 1
803 1
807 1
809 1
811 1
817 1
821 1
824 1
825 1
827 1
837 1
842 1
845 1
848 1
849 1
851 1
852 1
853 1
857 1
858 1
859 1
862 1
863 1
864 1
865 1
867 1
870 1
871 1
874 1
875 1
876 1
879 1
882 1
885 1
887 1
888 1
896 1
899 1
901 1
905 1
906 1
921 1
922 1
926 1
935 1
938 1
939 1
941 1
943 1
960 1
970 1
973 1
974 1
975 1
976 1
977 1
980 1
987 1
988 1
990 1
991 1
993 1
994 1
997 1
998 1
1000 1
1001 1
1002 1
1003 1
1005 1
1006 1
1007 1
1008 1
1010 1
1011 1
1012 1
1014 1
1016 1
1018 1
1019 1
1021 1
1024 1
1030 1
1034 1
1035 1
1039 1
1040 1
1042 1
1044 1
1045 1
1048 1
1051 1
1052 1
1061 1
1064 1
1065 1
1066 1
1067 1
1068 1
1072 1
1076 1
1089 1
1090 1
1091 1
1094 1
1095 1
1096 1
1097 1
1098 1
1100 1
1101 1
1102 1
1107 1
1112 1
1113 1
1114 1
1116 1
1121 1
1124 1
1125 1
1126 1
1128 1
1129 1
1133 1
1134 1
1137 1
1144 1
1145 1
1146 1
1149 1
1150 1
1152 1
1153 1
1155 1
1156 1
1157 1
1158 1
1173 1
1174 1
1179 1
1189 1
1191 1
1192 1
1196 1
1198 1
1200 1
1207 1
1210 1
1218 1
1219 1
1220 1
1230 1
1231 1
1232 1
1233 1
1234 1
1235 1
1238 1
1239 1
1240 1
1243 1
1244 1
1247 1
1256 1
1260 1
1262 1
1263 1
1264 1
1269 1
1270 1
1276 1
1277 1
1278 1
1279 1
1280 1
1282 1
1287 1
1289 1
1290 1
1291 1
1293 1
1303 1
1310 1
1311 1
1315 1
1316 1
1320 1
1322 1
1323 1
1324 1
1329 1
1331 1
1332 1
1333 1
1334 1
1335 1
1338 1
1339 1
1340 1
1344 1
1348 1
1352 1
1354 1
1356 1
1358 1
1359 1
1366 1
1375 1
1376 1
1381 1
1383 1
1396 1
1398 1
1400 1
1406 1
1408 1
1409 1
1410 1
1413 1
1414 1
1417 1
1418 1
1421 1
1424 1
1425 1
1429 1
1432 1
1433 1
1434 1
1437 1
1439 1
1441 1
1445 1
1448 1
1454 1
1457 1
1458 1
1459 1
1462 1
1465 1
1468 1
1470 1
1472 1
1473 1
1475 1
1478 1
1483 1
1488 1
1490 1
1491 1
1492 1
1493 1
1494 1
1501 1
1502 1
1504 1
1506 1
1511 1
1513 1
1518 1
1527 1
1529 1
1530 1
1532 1
1536 1
1537 1
1538 1
1540 1
1541 1
1543 1
1547 1
1549 1
1550 1
1554 1
1556 1
1563 1
1567 1
1578 1
1579 1
1580 1
1583 1
1585 1
1587 1
1588 1
1592 1
1595 1
1604 1
1610 1
1616 1
1617 1
1620 1
1622 1
1623 1
1625 1
1626 1
1629 1
1632 1
1633 1
1634 1
1637 1
1638 1
1640 1
1642 1
1645 1
1646 1
1648 1
1649 1
1652 1
1654 1
1656 1
1657 1
1662 1
1669 1
1670 1
1672 1
1676 1
1680 1
1682 1
1683 1
1684 1
1686 1
1687 1
1690 1
1691 1
1695 1
1696 1
1699 1
1702 1
1703 1
1704 1
1705 1
1706 1
1707 1
1708 1
1712 1
1722 1
1723 1
1725 1
1729 1
1730 1
1734 1
1737 1
1742 1
1748 1
1749 1
1750 1
1752 1
1758 1
1761 1
1765 1
1766 1
1768 1
1769 1
1774 1
1778 1
1781 1
1782 1
1785 1
1786 1
1788 1
1789 1
1790 1
1795 1
1796 1
1797 1
1799 1
1801 1
1803 1
1806 1
1807 1
1808 1
1810 1
1811 1
1814 1
1815 1
1818 1
1825 1
1827 1
1828 1
1829 1
1834 1
1839 1
1840 1
1842 1
1847 1
1851 1
1852 1
1853 1
1863 1
1868 1
1875 1
1877 1
1879 1
1880 1
1882 1
1883 1
1884 1
1887 1
1899 1
1910 1
1911 1
1919 1
1924 1
1927 1
1928 1
1931 1
1933 1
1943 1
1945 1
1954 1
1968 1
1969 1
1975 1
1978 1
1980 1
1982 1
1984 1
1986 1
1987 1
1992 1
1993 1
1994 1
1995 1
2000 1
2002 1
2003 1
2004 1
2007 1
2008 1
2011 1
2013 1
2014 1
2017 1
2019 1
2025 1
2030 1
2032 1
2035 1
2037 1
2040 1
2041 1
2045 1
2046 1
2047 1
2048 1
2050 1
2051 1
2052 1
2055 1
2063 1
2065 1
2066 1
2067 1
2069 1
2070 1
2072 1
2073 1
2074 1
2080 1
2081 1
2082 1
2084 1
2086 1
2087 1
2092 1
2093 1
2094 1
2096 1
2097 1
2099 1
2100 1
2101 1
2102 1
2103 1
2107 1
2109 1
2114 1
2116 1
2117 1
2118 1
2119 1
2123 1
2130 1
2131 1
2135 1
2138 1
2140 1
2141 1
2144 1
2148 1
2150 1
2163 1
2164 1
2169 1
2174 1
2175 1
2176 1
2177 1
2178 1
2180 1
2182 1
2187 1
2192 1
2195 1
2196 1
2204 1
2206 1
2207 1
2208 1
2210 1
2211 1
2212 1
2214 1
2217 1
2218 1
2219 1
2225 1
2229 1
2233 1
2237 1
2238 1
2247 1
2249 1
2254 1
2257 1
2263 1
2265 1
2266 1
2270 1
2271 1
2273 1
2274 1
2277 1
2278 1
2283 1
2286 1
2290 1
2293 1
2295 1
2296 1
2297 1
2302 1
2303 1
2304 1
2305 1
2319 1
2320 1
2321 1
2322 1
2324 1
2326 1
2330 1
2331 1
2333 1
2337 1
2343 1
2347 1
2348 1
2350 1
2351 1
2357 1
2359 1
2360 1
2362 1
2364 1
2366 1
2370 1
2371 1
2372 1
2379 1
2382 1
2383 1
2384 1
2385 1
2387 1
2390 1
2395 1
2396 1
2398 1
2406 1
2415 1
2417 1
2420 1
2422 1
2423 1
2424 1
2428 1
2431 1
2434 1
2438 1
2439 1
2440 1
2442 1
2443 1
2445 1
2446 1
2447 1
2449 1
2450 1
2452 1
2454 1
2457 1
2460 1
2464 1
2466 1
2475 1
2487 1
2488 1
2492 1
2493 1
2494 1
2495 1
2497 1
2500 1
2501 1
2503 1
2506 1
2511 1
2513 1
2515 1
2517 1
2521 1
2522 1
2524 1
2526 1
2530 1
2534 1
2538 1
2539 1
2543 1
2546 1
2549 1
2554 1
2555 1
2556 1
2559 1
2563 1
2564 1
2565 1
2566 1
2567 1
2573 1
2576 1
2578 1
2587 1
2598 1
2603 1
2604 1
2606 1
2607 1
2609 1
2612 1
2617 1
2618 1
2626 1
2627 1
2628 1
2630 1
2632 1
2638 1
2642 1
2646 1
2649 1
2653 1
2655 1
2664 1
2675 1
2676 1
2682 1
2684 1
2685 1
2688 1
2699 1
2703 1
2704 1
2705 1
2706 1
2711 1
2712 1
2716 1
2719 1
2722 1
2726 1
2728 1
2731 1
2735 1
2736 1
2738 1
2739 1
2741 1
2742 1
2745 1
2747 1
2749 1
2755 1
2758 1
2759 1
2764 1
2768 1
2769 1
2771 1
2773 1
2779 1
2780 1
2781 1
2782 1
2783 1
2789 1
2791 1
2794 1
2795 1
2797 1
2798 1
2804 1
2806 1
2808 1
2809 1
2811 1
2813 1
2816 1
2818 1
2819 1
2820 1
2829 1
2842 1
2843 1
2846 1
2858 1
2859 1
2860 1
2861 1
2864 1
2869 1
2872 1
2877 1
2880 1
2886 1
2889 1
2890 1
2892 1
2893 1
2897 1
2903 1
2905 1
2913 1
2914 1
2917 1
2919 1
2920 1
2924 1
2925 1
2931 1
2940 1
2941 1
2943 1
2944 1
2949 1
2950 1
2953 1
2964 1
2965 1
2966 1
2968 1
2969 1
2974 1
2975 1
2976 1
2977 1
2983 1
2985 1
2987 1
2998 1
3000 1
3002 1
3005 1
3006 1
3011 1
3014 1
3015 1
3018 1
3019 1
3020 1
3022 1
3025 1
3026 1
3029 1
3030 1
3031 1
3032 1
3033 1
3035 1
3038 1
3042 1
3044 1
3046 1
3048 1
3054 1
3064 1
3072 1
3077 1
3078 1
3079 1
3081 1
3083 1
3086 1
3090 1
3093 1
3096 1
3097 1
3100 1
3105 1
3109 1
3111 1
3112 1
3118 1
3119 1
3120 1
3121 1
3127 1
3130 1
3131 1
3132 1
3136 1
3137 1
3140 1
3141 1
3142 1
3144 1
3146 1
3147 1
3149 1
3150 1
3153 1
3154 1
3156 1
3157 1
3160 1
3161 1
3162 1
3163 1
3165 1
3166 1
3169 1
3170 1
3171 1
3175 1
3176 1
3178 1
3181 1
3183 1
3185 1
3187 1
3188 1
3190 1
3196 1
3205 1
3210 1
3216 1
3217 1
3218 1
3219 1
3225 1
3226 1
3228 1
3229 1
3231 1
3233 1
3236 1
3239 1
3243 1
3245 1
3249 1
3252 1
3265 1
3266 1
3267 1
3270 1
3278 1
3279 1
3281 1
3284 1
3285 1
3287 1
3290 1
3294 1
3298 1
3300 1
3308 1
3314 1
3317 1
3318 1
3321 1
3322 1
3325 1
3330 1
3334 1
3338 1
3345 1
3346 1
3348 1
3349 1
3366 1
3367 1
3368 1
3369 1
3370 1
3371 1
3379 1
3380 1
3381 1
3385 1
3386 1
3387 1
3390 1
3392 1
3396 1
3400 1
3402 1
3404 1
3405 1
3406 1
3409 1
3414 1
3415 1
3420 1
3423 1
3437 1
3441 1
3442 1
3444 1
3445 1
3447 1
3448 1
3449 1
3450 1
3456 1
3460 1
3462 1
3463 1
3465 1
3467 1
3469 1
3471 1
3473 1
3477 1
3478 1
3479 1
3481 1
3486 1
3490 1
3491 1
3494 1
3497 1
3502 1
3504 1
3509 1
3511 1
3513 1
3519 1
3523 1
3524 1
3526 1
3532 1
3533 1
3534 1
3536 1
3541 1
3542 1
3543 1
3549 1
3553 1
3555 1
3557 1
3559 1
3560 1
3561 1
3562 1
3564 1
3566 1
3570 1
3575 1
3578 1
3580 1
3581 1
3583 1
3588 1
3592 1
3594 1
3596 1
3598 1
3600 1
3602 1
3603 1
3605 1
3607 1
3609 1
3611 1
3612 1
3613 1
3614 1
3615 1
3617 1
3619 1
3620 1
3622 1
3623 1
3631 1
3635 1
3640 1
3641 1
3642 1
3643 1
3648 1
3652 1
3656 1
3659 1
3660 1
3665 1
3669 1
3671 1
3685 1
3686 1
3687 1
3688 1
3693 1
3696 1
3697 1
3698 1
3699 1
3702 1
3703 1
3707 1
3710 1
3711 1
3712 1
3713 1
3722 1
3724 1
3726 1
3727 1
3733 1
3735 1
3739 1
3743 1
3746 1
3750 1
3755 1
3769 1
3770 1
3771 1
3772 1
3777 1
3778 1
3786 1
3788 1
3790 1
3792 1
3793 1
3794 1
3798 1
3803 1
3804 1
3808 1
3811 1
3816 1
3819 1
3821 1
3822 1
3826 1
3829 1
3830 1
3831 1
3832 1
3833 1
3834 1
3835 1
3838 1
3844 1
3848 1
3852 1
3854 1
3855 1
3856 1
3857 1
3860 1
3861 1
3863 1
3865 1
3868 1
3871 1
3873 1
3875 1
3876 1
3877 1
3878 1
3883 1
3884 1
3886 1
3887 1
3888 1
3890 1
3892 1
3893 1
3894 1
3896 1
3898 1
3899 1
3902 1
3903 1
3904 1
3910 1
3911 1
3913 1
3921 1
3922 1
3925 1
3929 1
3930 1
3933 1
3936 1
3937 1
3941 1
3942 1
3944 1
3945 1
3946 1
3948 1
3952 1
3975 1
3986 1
3988 1
3991 1
3993 1
3994 1
3996 1
4011 1
4016 1
4021 1
4022 1
4024 1
4029 1
4033 1
4041 1
4046 1
4047 1
4058 1
4060 1
4066 1
4067 1
4076 1
4079 1
4080 1
4081 1
4086 1
4088 1
4091 1
4093 1
4094 1
4095 1
4097 1
4098 1
4099 1
4100 1
4101 1
4104 1
4106 1
4108 1
4110 1
4111 1
4113 1
4115 1
4117 1
4119 1
4121 1
4130 1
4139 1
4141 1
4143 1
4148 1
4154 1
4155 1
4156 1
4160 1
4162 1
4166 1
4169 1
4170 1
4172 1
4176 1
4179 1
4187 1
4189 1
4190 1
4191 1
4192 1
4198 1
4199 1
4202 1
4204 1
4205 1
4209 1
4211 1
4212 1
4218 1
4219 1
4226 1
4240 1
4241 1
4247 1
4249 1
4250 1
4255 1
4257 1
4260 1
4262 1
4263 1
4264 1
4269 1
4273 1
4274 1
4277 1
4285 1
4287 1
4291 1
4293 1
4295 1
4297 1
4304 1
4305 1
4314 1
4317 1
4321 1
4322 1
4324 1
4325 1
4328 1
4331 1
4332 1
4334 1
4336 1
4338 1
4339 1
4342 1
4348 1
4349 1
4351 1
4359 1
4360 1
4365 1
4368 1
4377 1
4378 1
4380 1
4389 1
4391 1
4396 1
4400 1
4404 1
4406 1
4407 1
4408 1
4411 1
4414 1
4418 1
4419 1
4420 1
4423 1
4428 1
4430 1
4434 1
4435 1
4437 1
4444 1
4445 1
4447 1
4448 1
4462 1
4464 1
4465 1
4466 1
4470 1
4473 1
4475 1
4477 1
4486 1
4489 1
4490 1
4492 1
4495 1
4496 1
4503 1
4508 1
4510 1
4517 1
4518 1
4520 1
4525 1
4526 1
4527 1
4530 1
4531 1
4532 1
4533 1
4534 1
4535 1
4537 1
4543 1
4549 1
4551 1
4562 1
4563 1
4564 1
4567 1
4569 1
4571 1
4572 1
4573 1
4576 1
4577 1
4579 1
4582 1
4587 1
4596 1
4598 1
4599 1
4600 1
4601 1
4602 1
4604 1
4605 1
4606 1
4613 1
4614 1
4616 1
4617 1
4620 1
4621 1
4622 1
4623 1
4624 1
4625 1
4632 1
4634 1
4638 1
4642 1
4651 1
4657 1
4660 1
4662 1
4663 1
4664 1
4665 1
4668 1
4669 1
4673 1
4675 1
4677 1
4678 1
4682 1
4689 1
4690 1
4691 1
4694 1
4696 1
4699 1
4707 1
4708 1
4711 1
4714 1
4731 1
4732 1
4734 1
4736 1
4751 1
4753 1
4754 1
4755 1
4756 1
4759 1
4760 1
4767 1
4768 1
4096 2
4 2
5 2
4107 2
4112 2
4120 2
4122 2
4123 2
4125 2
4128 2
4132 2
46 2
47 2
4142 2
2098 2
2110 2
4159 2
4163 2
4165 2
2122 2
4171 2
2126 2
2129 2
83 2
87 2
92 2
2146 2
105 2
106 2
4203 2
111 2
4216 2
4221 2
126 2
130 2
4231 2
136 2
2189 2
149 2
150 2
154 2
4258 2
4265 2
4278 2
2234 2
190 2
196 2
2244 2
2245 2
2253 2
4302 2
4308 2
4315 2
4329 2
2284 2
2285 2
238 2
2287 2
2288 2
243 2
4358 2
4361 2
4362 2
4363 2
4364 2
4374 2
2328 2
2329 2
4376 2
285 2
287 2
2354 2
2358 2
2361 2
327 2
2375 2
4425 2
4426 2
2381 2
338 2
4438 2
4454 2
2409 2
4460 2
370 2
2419 2
378 2
4474 2
2432 2
389 2
390 2
406 2
4512 2
4513 2
4515 2
2468 2
4519 2
4524 2
2479 2
2480 2
2482 2
438 2
2486 2
2491 2
4541 2
446 2
4542 2
452 2
4550 2
2504 2
2507 2
2518 2
2520 2
474 2
2532 2
485 2
487 2
488 2
2540 2
4589 2
2544 2
4592 2
4594 2
499 2
2550 2
2553 2
508 2
511 2
4607 2
521 2
522 2
4618 2
4626 2
2581 2
4630 2
535 2
4633 2
2590 2
2591 2
4640 2
4641 2
2594 2
2601 2
565 2
4661 2
567 2
2615 2
2616 2
2620 2
2621 2
2625 2
579 2
583 2
585 2
2633 2
2637 2
4685 2
2639 2
593 2
2641 2
599 2
602 2
603 2
2657 2
4706 2
2659 2
617 2
618 2
4722 2
628 2
4725 2
4729 2
4730 2
2683 2
2686 2
2687 2
2689 2
4741 2
648 2
2696 2
650 2
651 2
2697 2
4746 2
4749 2
657 2
658 2
2707 2
4762 2
670 2
2718 2
680 2
687 2
692 2
2746 2
2748 2
2752 2
2753 2
2760 2
714 2
2766 2
2775 2
2776 2
729 2
2792 2
747 2
2796 2
2803 2
2815 2
772 2
775 2
2823 2
779 2
780 2
2827 2
2832 2
2844 2
2845 2
2868 2
822 2
823 2
2870 2
2873 2
2884 2
2885 2
838 2
2887 2
2901 2
2909 2
2911 2
2915 2
2923 2
878 2
2927 2
2929 2
903 2
904 2
2954 2
909 2
2958 2
912 2
2960 2
915 2
918 2
919 2
923 2
937 2
2986 2
2992 2
961 2
968 2
978 2
3028 2
1004 2
3052 2
3058 2
3070 2
1023 2
3075 2
1032 2
1037 2
1047 2
1053 2
1057 2
1059 2
3114 2
3115 2
1073 2
1077 2
3125 2
1082 2
3148 2
1119 2
3168 2
3189 2
1148 2
3199 2
3201 2
3207 2
1160 2
3235 2
1194 2
3250 2
1205 2
3256 2
1213 2
1214 2
3261 2
3268 2
1227 2
1229 2
3283 2
1236 2
3286 2
3295 2
1249 2
3299 2
3310 2
1265 2
1271 2
1274 2
3323 2
3329 2
1284 2
3335 2
1288 2
3337 2
1302 2
3353 2
3357 2
3362 2
3376 2
1355 2
1360 2
3421 2
1374 2
3424 2
1377 2
1382 2
1386 2
3435 2
3436 2
1392 2
1394 2
1403 2
1431 2
3480 2
1435 2
1436 2
3484 2
3485 2
1440 2
3488 2
1444 2
3495 2
1452 2
3516 2
3528 2
1481 2
1487 2
3538 2
3548 2
3554 2
3558 2
1512 2
1514 2
1515 2
3563 2
1520 2
1522 2
1524 2
1531 2
3582 2
1575 2
3633 2
1586 2
3636 2
3638 2
1596 2
1605 2
1606 2
3658 2
3661 2
1615 2
1618 2
3675 2
3678 2
3684 2
3689 2
3692 2
3704 2
1663 2
1668 2
3717 2
3719 2
1674 2
1681 2
3730 2
3736 2
1693 2
3756 2
1710 2
1711 2
3764 2
1717 2
3765 2
1721 2
1731 2
3779 2
1733 2
3781 2
1741 2
1760 2
1762 2
1763 2
3823 2
1777 2
3839 2
3842 2
3850 2
3859 2
1812 2
1816 2
1819 2
1835 2
3891 2
1846 2
3901 2
3906 2
1859 2
1860 2
1873 2
3928 2
1881 2
1888 2
1890 2
1903 2
3956 2
1909 2
3961 2
3985 2
3989 2
1942 2
1950 2
4000 2
1955 2
4007 2
1972 2
1976 2
4025 2
4028 2
4031 2
4035 2
4043 2
2015 2
2022 2
2026 2
2027 2
4074 2
4077 2
4082 2
4083 2
